0		0
1		15
2		11
3		16
4		13
5		16
6		14
7		7
8		12
9		12
10		17
11		12
12		11
13		11
14		12
15		11
16		10
17		13
18		10
19		14
20		14
21		13
22		13
23		8
24		14
25		11
26		8
27		11
28		16
29		14
30		13
31		11
32		10
33		13
34		13
35		11
36		11
37		12
38		11
39		13
40		5
41		14
42		9
43		10
44		13
45		12
46		17
47		12
48		14
49		15
50		13
51		10
52		10
53		14
54		10
55		15
56		13
57		14
58		11
59		13
60		10
61		14
62		15
63		14
64		10
65		13
66		6
67		8
68		8
69		13
70		11
71		13
72		14
73		11
74		12
75		14
76		13
77		11
78		9
79		13
80		13
81		13
82		12
83		14
84		10
85		13
86		15
87		15
88		9
89		11
90		11
91		11
92		12
93		11
94		12
95		12
96		11
97		13
98		10
99		14
100		12
101		20
102		12
103		10
104		13
105		12
106		13
107		10
108		10
109		9
110		11
111		12
112		5
113		9
114		10
115		11
116		12
117		6
118		13
119		12
120		11
121		12
122		12
123		14
124		14
125		12
126		13
127		12
128		10
129		15
130		14
131		13
132		12
133		11
134		11
135		13
136		14
137		14
138		14
139		12
140		8
141		15
142		11
143		13
144		12
145		12
146		12
147		14
148		13
149		10
150		10
151		14
152		13
153		14
154		14
155		11
156		15
157		12
158		14
159		8
160		11
161		11
162		11
163		11
164		11
165		14
166		11
167		16
168		14
169		11
170		13
171		8
172		15
173		12
174		12
175		11
176		14
177		12
178		18
179		15
180		11
181		10
182		14
183		14
184		11
185		11
186		12
187		12
188		14
189		11
190		12
191		15
192		9
193		12
194		14
195		12
196		10
197		12
198		11
199		12
200		15
201		12
202		10
203		10
204		10
205		8
206		13
207		15
208		12
209		15
210		11
211		12
212		8
213		11
214		10
215		12
216		14
217		10
218		12
219		9
220		12
221		13
222		11
223		6
224		15
225		14
226		13
227		18
228		11
229		14
230		12
231		13
232		15
233		10
234		14
235		13
236		14
237		13
238		11
239		14
240		12
241		9
242		12
243		13
244		14
245		10
246		13
247		12
248		12
249		9
250		12
251		12
252		11
253		13
254		15
255		13
256		7
257		8
258		10
259		10
260		7
261		7
262		13
263		11
264		12
265		15
266		11
267		13
268		15
269		12
270		11
271		8
272		12
273		12
274		11
275		13
276		13
277		12
278		12
279		11
280		11
281		10
282		10
283		14
284		8
285		12
286		12
287		13
288		15
289		13
290		12
291		11
292		11
293		11
294		9
295		12
296		13
297		14
298		11
299		13
300		11
301		13
302		12
303		14
304		10
305		9
306		10
307		13
308		9
309		10
310		11
311		9
312		14
313		16
314		13
315		5
316		16
317		14
318		11
319		13
320		10
321		9
322		13
323		15
324		13
325		11
326		13
327		14
328		10
329		14
330		13
331		12
332		12
333		12
334		9
335		11
336		13
337		15
338		12
339		12
340		12
341		15
342		13
343		7
344		13
345		13
346		12
347		14
348		9
349		9
350		10
351		13
352		13
353		14
354		12
355		9
356		12
357		13
358		13
359		15
360		13
361		17
362		13
363		9
364		11
365		18
366		13
367		14
368		13
369		8
370		11
371		15
372		13
373		8
374		14
375		13
376		16
377		13
378		14
379		14
380		13
381		13
382		14
383		14
384		13
385		9
386		12
387		13
388		10
389		12
390		18
391		15
392		10
393		7
394		12
395		13
396		10
397		13
398		13
399		14
400		8
401		10
402		13
403		14
404		12
405		13
406		11
407		12
408		12
409		13
410		13
411		13
412		13
413		12
414		11
415		14
416		14
417		15
418		15
419		11
420		11
421		16
422		10
423		12
424		12
425		9
426		12
427		13
428		14
429		15
430		12
431		14
432		13
433		11
434		11
435		12
436		13
437		14
438		12
439		12
440		9
441		11
442		13
443		8
444		14
445		12
446		13
447		11
448		11
449		14
450		11
451		13
452		13
453		13
454		11
455		10
456		13
457		14
458		9
459		11
460		15
461		15
462		13
463		13
464		11
465		9
466		11
467		13
468		8
469		12
470		10
471		12
472		11
473		10
474		12
475		12
476		12
477		12
478		12
479		10
480		8
481		14
482		16
483		9
484		11
485		6
486		11
487		14
488		13
489		14
490		16
491		13
492		12
493		10
494		12
495		11
496		15
497		10
498		12
499		10
500		10
501		10
502		15
503		13
504		14
505		14
506		10
507		13
508		9
509		13
510		11
511		15
512		8
513		13
514		19
515		13
516		11
517		10
518		14
519		13
520		15
521		13
522		12
523		12
524		10
525		11
526		8
527		13
528		11
529		12
530		14
531		11
532		10
533		16
534		12
535		7
536		10
537		13
538		11
539		11
540		11
541		10
542		10
543		7
544		11
545		9
546		10
547		11
548		9
549		8
550		13
551		13
552		14
553		16
554		12
555		11
556		11
557		8
558		16
559		15
560		14
561		12
562		11
563		13
564		11
565		11
566		13
567		9
568		10
569		13
570		16
571		15
572		14
573		13
574		2
575		10
576		12
577		15
578		14
579		10
580		11
581		12
582		11
583		14
584		13
585		12
586		14
587		10
588		17
589		13
590		13
591		14
592		15
593		10
594		13
595		7
596		9
597		11
598		15
599		13
600		11
601		14
602		9
603		13
604		13
605		14
606		11
607		10
608		13
609		12
610		14
611		15
612		13
613		13
614		14
615		12
616		10
617		10
618		12
619		15
620		17
621		13
622		9
623		13
624		12
625		14
626		10
627		10
628		11
629		11
630		13
631		12
632		13
633		12
634		8
635		12
636		13
637		14
638		13
639		10
640		10
641		10
642		12
643		12
644		14
645		14
646		9
647		12
648		13
649		15
650		11
651		16
652		13
653		14
654		18
655		12
656		13
657		14
658		16
659		14
660		7
661		13
662		11
663		12
664		11
665		14
666		13
667		14
668		7
669		9
670		11
671		16
672		12
673		13
674		15
675		14
676		14
677		16
678		10
679		11
680		12
681		10
682		8
683		12
684		10
685		11
686		10
687		11
688		10
689		5
690		14
691		10
692		10
693		9
694		12
695		9
696		12
697		10
698		13
699		10
700		19
701		10
702		9
703		11
704		14
705		13
706		10
707		11
708		13
709		8
710		10
711		13
712		12
713		11
714		8
715		8
716		11
717		11
718		11
719		13
720		7
721		10
722		15
723		9
724		11
725		14
726		11
727		10
728		10
729		16
730		12
731		12
732		10
733		12
734		13
735		11
736		14
737		14
738		6
739		7
740		11
741		10
742		12
743		12
744		9
745		12
746		10
747		11
748		10
749		11
750		10
751		14
752		17
753		13
754		9
755		10
756		13
757		10
758		15
759		16
760		14
761		13
762		12
763		12
764		16
765		11
766		11
767		11
768		16
769		12
770		13
771		14
772		10
773		6
774		12
775		12
776		12
777		12
778		10
779		8
780		12
781		12
782		11
783		12
784		12
785		11
786		13
787		12
788		15
789		11
790		10
791		13
792		17
793		12
794		13
795		10
796		11
797		13
798		14
799		11
800		12
801		10
802		11
803		12
804		12
805		12
806		12
807		13
808		10
809		8
810		12
811		15
812		13
813		12
814		12
815		9
816		15
817		13
818		13
819		15
820		11
821		11
822		1
823		11
824		11
825		16
826		15
827		11
828		11
829		12
830		7
831		9
832		11
833		16
834		14
835		9
836		14
837		10
838		12
839		12
840		11
841		11
842		11
843		9
844		13
845		7
846		15
847		10
848		15
849		9
850		12
851		14
852		15
853		13
854		5
855		8
856		11
857		14
858		11
859		13
860		13
861		13
862		13
863		12
864		7
865		16
866		13
867		12
868		12
869		14
870		11
871		13
872		10
873		11
874		14
875		9
876		12
877		13
878		16
879		11
880		10
881		12
882		10
883		13
884		14
885		7
886		17
887		10
888		10
889		10
890		11
891		11
892		10
893		14
894		13
895		10
896		9
897		10
898		13
899		14
900		8
901		12
902		11
903		13
904		13
905		12
906		13
907		13
908		14
909		11
910		14
911		13
912		10
913		12
914		15
915		12
916		12
917		12
918		11
919		12
920		11
921		11
922		14
923		9
924		11
925		10
926		13
927		8
928		10
929		14
930		13
931		12
932		11
933		1
934		14
935		14
936		14
937		12
938		10
939		13
940		16
941		11
942		10
943		15
944		12
945		12
946		11
947		6
948		14
949		9
950		12
951		13
952		11
953		10
954		12
955		13
956		13
957		15
958		14
959		13
960		8
961		14
962		10
963		11
964		11
965		12
966		12
967		10
968		15
969		14
970		14
971		8
972		14
973		11
974		12
975		9
976		10
977		15
978		11
979		12
980		12
981		12
982		11
983		13
984		16
985		10
986		12
987		11
988		12
989		14
990		14
991		11
992		11
993		11
994		13
995		15
996		14
997		11
998		10
999		14
1000		10
1001		11
1002		16
1003		11
1004		7
1005		15
1006		15
1007		17
1008		13
1009		10
1010		11
1011		12
1012		15
1013		9
1014		14
1015		9
1016		13
1017		13
1018		12
1019		12
1020		13
1021		14
1022		16
1023		13
1024		17
1025		15
1026		15
1027		10
1028		11
1029		11
1030		13
1031		13
1032		10
1033		15
1034		13
1035		11
1036		13
1037		3
1038		8
1039		13
1040		12
1041		12
1042		12
1043		14
1044		14
1045		12
1046		12
1047		12
1048		13
1049		12
1050		11
1051		13
1052		12
1053		13
1054		12
1055		15
1056		11
1057		13
1058		14
1059		6
1060		12
1061		13
1062		9
1063		13
1064		11
1065		10
1066		13
1067		10
1068		15
1069		12
1070		12
1071		10
1072		11
1073		11
1074		6
1075		13
1076		7
1077		12
1078		12
1079		12
1080		10
1081		11
1082		14
1083		12
1084		12
1085		12
1086		14
1087		19
1088		11
1089		11
1090		13
1091		12
1092		13
1093		11
1094		15
1095		15
1096		11
1097		11
1098		15
1099		12
1100		11
1101		10
1102		13
1103		13
1104		10
1105		8
1106		15
1107		11
1108		10
1109		12
1110		13
1111		16
1112		15
1113		10
1114		15
1115		12
1116		12
1117		14
1118		14
1119		13
1120		14
1121		18
1122		10
1123		14
1124		10
1125		11
1126		9
1127		9
1128		20
1129		8
1130		10
1131		11
1132		11
1133		12
1134		12
1135		12
1136		12
1137		16
1138		10
1139		13
1140		11
1141		12
1142		14
1143		14
1144		11
1145		15
1146		12
1147		10
1148		13
1149		13
1150		10
1151		11
1152		14
1153		9
1154		12
1155		9
1156		10
1157		11
1158		13
1159		14
1160		13
1161		17
1162		13
1163		14
1164		13
1165		11
1166		13
1167		14
1168		10
1169		19
1170		12
1171		12
1172		12
1173		12
1174		14
1175		12
1176		14
1177		10
1178		12
1179		13
1180		13
1181		10
1182		11
1183		11
1184		17
1185		12
1186		12
1187		11
1188		13
1189		11
1190		10
1191		14
1192		15
1193		11
1194		10
1195		13
1196		12
1197		15
1198		10
1199		11
1200		12
1201		15
1202		11
1203		11
1204		13
1205		13
1206		11
1207		11
1208		10
1209		14
1210		7
1211		13
1212		15
1213		11
1214		13
1215		16
1216		13
1217		8
1218		14
1219		10
1220		10
1221		13
1222		9
1223		9
1224		11
1225		14
1226		11
1227		9
1228		14
1229		12
1230		13
1231		15
1232		12
1233		11
1234		15
1235		10
1236		10
1237		10
1238		8
1239		12
1240		13
1241		11
1242		12
1243		12
1244		13
1245		8
1246		12
1247		13
1248		13
1249		12
1250		9
1251		11
1252		14
1253		11
1254		13
1255		13
1256		14
1257		8
1258		10
1259		14
1260		11
1261		11
1262		13
1263		11
1264		13
1265		15
1266		11
1267		16
1268		13
1269		10
1270		11
1271		8
1272		11
1273		12
1274		12
1275		12
1276		9
1277		9
1278		12
1279		11
1280		14
1281		15
1282		14
1283		9
1284		11
1285		14
1286		11
1287		12
1288		13
1289		13
1290		12
1291		17
1292		11
1293		13
1294		17
1295		11
1296		12
1297		10
1298		12
1299		10
1300		12
1301		12
1302		13
1303		12
1304		11
1305		12
1306		16
1307		13
1308		13
1309		17
1310		12
1311		11
1312		12
1313		13
1314		11
1315		13
1316		14
1317		9
1318		14
1319		8
1320		8
1321		14
1322		13
1323		14
1324		13
1325		12
1326		13
1327		10
1328		11
1329		10
1330		15
1331		12
1332		15
1333		10
1334		10
1335		12
1336		10
1337		12
1338		11
1339		14
1340		13
1341		13
1342		11
1343		10
1344		12
1345		12
1346		12
1347		13
1348		7
1349		11
1350		14
1351		12
1352		15
1353		11
1354		13
1355		12
1356		13
1357		10
1358		12
1359		5
1360		12
1361		11
1362		15
1363		10
1364		12
1365		12
1366		15
1367		16
1368		11
1369		12
1370		13
1371		11
1372		12
1373		13
1374		12
1375		11
1376		10
1377		9
1378		12
1379		11
1380		14
1381		11
1382		13
1383		12
1384		12
1385		12
1386		13
1387		12
1388		13
1389		11
1390		13
1391		12
1392		13
1393		11
1394		10
1395		14
1396		10
1397		12
1398		11
1399		14
1400		14
1401		14
1402		9
1403		9
1404		12
1405		14
1406		16
1407		10
1408		14
1409		7
1410		13
1411		12
1412		20
1413		13
1414		12
1415		11
1416		12
1417		12
1418		13
1419		13
1420		15
1421		12
1422		13
1423		11
1424		12
1425		11
1426		9
1427		12
1428		20
1429		10
1430		11
1431		15
1432		15
1433		13
1434		10
1435		12
1436		10
1437		13
1438		12
1439		11
1440		7
1441		9
1442		12
1443		12
1444		13
1445		15
1446		13
1447		13
1448		12
1449		16
1450		14
1451		13
1452		11
1453		12
1454		11
1455		11
1456		10
1457		14
1458		16
1459		14
1460		12
1461		9
1462		13
1463		7
1464		15
1465		14
1466		13
1467		11
1468		13
1469		14
1470		2
1471		12
1472		12
1473		13
1474		12
1475		11
1476		9
1477		12
1478		14
1479		10
1480		13
1481		14
1482		13
1483		13
1484		10
1485		15
1486		14
1487		12
1488		12
1489		13
1490		9
1491		14
1492		10
1493		12
1494		13
1495		9
1496		12
1497		14
1498		14
1499		12
1500		13
1501		12
1502		13
1503		13
1504		14
1505		12
1506		14
1507		10
1508		12
1509		12
1510		13
1511		10
1512		11
1513		10
1514		15
1515		11
1516		10
1517		14
1518		9
1519		13
1520		10
1521		5
1522		12
1523		13
1524		13
1525		12
1526		11
1527		10
1528		12
1529		13
1530		11
1531		9
1532		7
1533		12
1534		14
1535		12
1536		12
1537		14
1538		13
1539		10
1540		9
1541		10
1542		14
1543		12
1544		13
1545		12
1546		13
1547		11
1548		8
1549		7
1550		13
1551		14
1552		15
1553		13
1554		9
1555		11
1556		11
1557		14
1558		13
1559		11
1560		15
1561		15
1562		11
1563		9
1564		14
1565		16
1566		12
1567		12
1568		8
1569		12
1570		10
1571		13
1572		9
1573		10
1574		13
1575		10
1576		12
1577		12
1578		13
1579		10
1580		13
1581		12
1582		10
1583		7
1584		13
1585		13
1586		11
1587		12
1588		13
1589		11
1590		9
1591		13
1592		10
1593		5
1594		15
1595		13
1596		6
1597		13
1598		14
1599		10
1600		12
1601		7
1602		12
1603		10
1604		10
1605		14
1606		15
1607		12
1608		11
1609		13
1610		11
1611		11
1612		11
1613		11
1614		11
1615		14
1616		13
1617		13
1618		11
1619		13
1620		14
1621		10
1622		12
1623		13
1624		13
1625		7
1626		12
1627		13
1628		11
1629		11
1630		11
1631		5
1632		14
1633		14
1634		11
1635		15
1636		12
1637		10
1638		12
1639		16
1640		11
1641		10
1642		15
1643		13
1644		13
1645		12
1646		13
1647		12
1648		8
1649		12
1650		12
1651		13
1652		12
1653		16
1654		12
1655		9
1656		10
1657		14
1658		13
1659		10
1660		13
1661		15
1662		14
1663		12
1664		13
1665		4
1666		12
1667		12
1668		14
1669		12
1670		10
1671		14
1672		12
1673		12
1674		13
1675		15
1676		11
1677		15
1678		12
1679		13
1680		15
1681		14
1682		15
1683		12
1684		11
1685		15
1686		4
1687		12
1688		8
1689		14
1690		13
1691		12
1692		13
1693		11
1694		12
1695		12
1696		10
1697		12
1698		11
1699		8
1700		11
1701		13
1702		10
1703		11
1704		9
1705		14
1706		13
1707		13
1708		11
1709		12
1710		11
1711		14
1712		8
1713		12
1714		11
1715		12
1716		13
1717		14
1718		11
1719		12
1720		12
1721		15
1722		10
1723		8
1724		15
1725		13
1726		16
1727		13
1728		16
1729		11
1730		10
1731		12
1732		13
1733		10
1734		13
1735		15
1736		14
1737		11
1738		11
1739		11
1740		12
1741		13
1742		12
1743		14
1744		11
1745		13
1746		10
1747		12
1748		15
1749		17
1750		14
1751		11
1752		13
1753		14
1754		11
1755		10
1756		9
1757		10
1758		12
1759		13
1760		15
1761		12
1762		13
1763		13
1764		13
1765		11
1766		15
1767		13
1768		17
1769		5
1770		12
1771		11
1772		14
1773		15
1774		16
1775		10
1776		10
1777		8
1778		11
1779		9
1780		14
1781		12
1782		12
1783		13
1784		12
1785		13
1786		10
1787		13
1788		10
1789		15
1790		14
1791		12
1792		10
1793		14
1794		11
1795		13
1796		11
1797		14
1798		14
1799		15
1800		7
1801		11
1802		11
1803		11
1804		12
1805		13
1806		13
1807		11
1808		10
1809		15
1810		11
1811		11
1812		12
1813		9
1814		12
1815		10
1816		11
1817		13
1818		14
1819		13
1820		14
1821		13
1822		12
1823		15
1824		12
1825		13
1826		11
1827		12
1828		11
1829		15
1830		13
1831		8
1832		9
1833		12
1834		13
1835		18
1836		14
1837		14
1838		9
1839		13
1840		10
1841		14
1842		11
1843		12
1844		12
1845		13
1846		15
1847		13
1848		11
1849		11
1850		12
1851		8
1852		16
1853		9
1854		12
1855		11
1856		11
1857		8
1858		12
1859		14
1860		14
1861		12
1862		13
1863		16
1864		13
1865		12
1866		10
1867		13
1868		11
1869		14
1870		11
1871		14
1872		11
1873		12
1874		9
1875		11
1876		11
1877		8
1878		16
1879		11
1880		11
1881		10
1882		10
1883		12
1884		13
1885		11
1886		15
1887		10
1888		11
1889		14
1890		15
1891		15
1892		12
1893		16
1894		14
1895		13
1896		11
1897		10
1898		12
1899		15
1900		14
1901		7
1902		14
1903		6
1904		11
1905		19
1906		12
1907		11
1908		14
1909		7
1910		12
1911		13
1912		9
1913		10
1914		13
1915		9
1916		15
1917		8
1918		12
1919		7
1920		13
1921		12
1922		10
1923		15
1924		11
1925		8
1926		13
1927		13
1928		12
1929		10
1930		3
1931		13
1932		11
1933		7
1934		9
1935		10
1936		16
1937		10
1938		14
1939		13
1940		10
1941		9
1942		7
1943		7
1944		13
1945		15
1946		10
1947		12
1948		7
1949		15
1950		7
1951		13
1952		13
1953		4
1954		14
1955		12
1956		14
1957		9
1958		13
1959		11
1960		11
1961		10
1962		15
1963		12
1964		10
1965		14
1966		10
1967		17
1968		12
1969		14
1970		14
1971		12
1972		15
1973		12
1974		10
1975		13
1976		14
1977		9
1978		10
1979		11
1980		10
1981		13
1982		17
1983		10
1984		12
1985		10
1986		9
1987		10
1988		15
1989		13
1990		11
1991		14
1992		14
1993		12
1994		9
1995		13
1996		10
1997		15
1998		13
1999		12
2000		11
2001		11
2002		14
2003		14
2004		13
2005		12
2006		11
2007		15
2008		14
2009		13
2010		9
2011		13
2012		11
2013		12
2014		11
2015		11
2016		15
2017		10
2018		12
2019		14
2020		10
2021		13
2022		12
2023		14
2024		13
2025		10
2026		10
2027		17
2028		12
2029		12
2030		13
2031		7
2032		13
2033		13
2034		13
2035		15
2036		12
2037		11
2038		13
2039		13
2040		12
2041		8
2042		11
2043		11
2044		12
2045		9
2046		14
2047		10
2048		10
2049		13
2050		10
2051		11
2052		12
2053		13
2054		11
2055		11
2056		13
2057		11
2058		10
2059		11
2060		15
2061		17
2062		13
2063		12
2064		13
2065		11
2066		11
2067		12
2068		15
2069		10
2070		12
2071		10
2072		8
2073		9
2074		15
2075		17
2076		12
2077		14
2078		14
2079		12
2080		14
2081		10
2082		13
2083		12
2084		9
2085		14
2086		10
2087		17
2088		16
2089		12
2090		9
2091		12
2092		13
2093		11
2094		13
2095		14
2096		12
2097		10
2098		12
2099		14
2100		9
2101		13
2102		13
2103		11
2104		9
2105		12
2106		14
2107		14
2108		13
2109		11
2110		14
2111		9
2112		10
2113		11
2114		12
2115		13
2116		8
2117		11
2118		10
2119		13
2120		19
2121		7
2122		12
2123		9
2124		12
2125		14
2126		11
2127		12
2128		14
2129		13
2130		17
2131		12
2132		13
2133		15
2134		12
2135		12
2136		10
2137		11
2138		10
2139		13
2140		10
2141		14
2142		12
2143		14
2144		9
2145		10
2146		8
2147		12
2148		13
2149		11
2150		11
2151		11
2152		13
2153		14
2154		12
2155		12
2156		8
2157		12
2158		11
2159		14
2160		14
2161		11
2162		12
2163		10
2164		8
2165		13
2166		14
2167		12
2168		9
2169		11
2170		14
2171		9
2172		12
2173		9
2174		12
2175		12
2176		14
2177		16
2178		11
2179		13
2180		14
2181		9
2182		14
2183		14
2184		11
2185		12
2186		12
2187		12
2188		16
2189		12
2190		14
2191		13
2192		11
2193		13
2194		11
2195		12
2196		14
2197		8
2198		11
2199		12
2200		8
2201		15
2202		9
2203		11
2204		9
2205		11
2206		12
2207		12
2208		12
2209		11
2210		12
2211		13
2212		13
2213		15
2214		14
2215		14
2216		15
2217		14
2218		8
2219		10
2220		13
2221		15
2222		13
2223		10
2224		10
2225		11
2226		13
2227		12
2228		11
2229		12
2230		9
2231		12
2232		11
2233		11
2234		12
2235		10
2236		14
2237		9
2238		12
2239		13
2240		13
2241		13
2242		6
2243		12
2244		13
2245		11
2246		15
2247		12
2248		10
2249		12
2250		13
2251		13
2252		11
2253		14
2254		14
2255		14
2256		12
2257		13
2258		13
2259		12
2260		11
2261		14
2262		12
2263		13
2264		12
2265		12
2266		12
2267		10
2268		12
2269		11
2270		12
2271		11
2272		10
2273		10
2274		9
2275		7
2276		13
2277		12
2278		13
2279		13
2280		10
2281		10
2282		8
2283		7
2284		10
2285		11
2286		8
2287		15
2288		8
2289		12
2290		12
2291		13
2292		13
2293		14
2294		11
2295		15
2296		14
2297		12
2298		12
2299		12
2300		14
2301		13
2302		11
2303		13
2304		14
2305		15
2306		13
2307		15
2308		14
2309		9
2310		14
2311		12
2312		12
2313		11
2314		12
2315		11
2316		11
2317		15
2318		11
2319		12
2320		11
2321		19
2322		14
2323		12
2324		12
2325		13
2326		12
2327		12
2328		12
2329		16
2330		15
2331		9
2332		11
2333		12
2334		12
2335		15
2336		15
2337		11
2338		13
2339		8
2340		14
2341		13
2342		9
2343		9
2344		15
2345		10
2346		11
2347		11
2348		14
2349		12
2350		13
2351		8
2352		12
2353		13
2354		12
2355		13
2356		12
2357		11
2358		15
2359		11
2360		14
2361		15
2362		13
2363		10
2364		11
2365		12
2366		15
2367		14
2368		13
2369		13
2370		13
2371		15
2372		11
2373		13
2374		16
2375		13
2376		10
2377		11
2378		10
2379		12
2380		14
2381		13
2382		5
2383		14
2384		11
2385		10
2386		14
2387		13
2388		15
2389		9
2390		13
2391		10
2392		12
2393		9
2394		13
2395		15
2396		12
2397		13
2398		14
2399		8
2400		11
2401		11
2402		7
2403		12
2404		14
2405		9
2406		10
2407		15
2408		10
2409		11
2410		7
2411		14
2412		13
2413		10
2414		13
2415		11
2416		16
2417		10
2418		12
2419		9
2420		13
2421		12
2422		14
2423		11
2424		13
2425		17
2426		8
2427		12
2428		13
2429		13
2430		12
2431		16
2432		12
2433		7
2434		14
2435		14
2436		12
2437		11
2438		8
2439		8
2440		12
2441		13
2442		13
2443		12
2444		13
2445		10
2446		10
2447		14
2448		16
2449		17
2450		10
2451		17
2452		12
2453		10
2454		11
2455		13
2456		14
2457		10
2458		9
2459		12
2460		13
2461		11
2462		14
2463		13
2464		10
2465		12
2466		7
2467		13
2468		6
2469		12
2470		12
2471		12
2472		10
2473		12
2474		12
2475		11
2476		12
2477		12
2478		11
2479		12
2480		10
2481		17
2482		14
2483		12
2484		10
2485		14
2486		11
2487		8
2488		8
2489		11
2490		9
2491		12
2492		13
2493		15
2494		12
2495		12
2496		12
2497		16
2498		15
2499		10
2500		9
2501		13
2502		10
2503		13
2504		12
2505		12
2506		10
2507		13
2508		12
2509		13
2510		13
2511		15
2512		9
2513		16
2514		14
2515		14
2516		14
2517		10
2518		12
2519		15
2520		10
2521		11
2522		11
2523		12
2524		13
2525		13
2526		11
2527		10
2528		12
2529		13
2530		8
2531		13
2532		13
2533		13
2534		12
2535		13
2536		12
2537		6
2538		15
2539		7
2540		11
2541		13
2542		8
2543		7
2544		11
2545		10
2546		9
2547		11
2548		10
2549		11
2550		8
2551		12
2552		12
2553		7
2554		9
2555		15
2556		8
2557		9
2558		11
2559		13
2560		9
2561		9
2562		16
2563		8
2564		14
2565		16
2566		17
2567		15
2568		11
2569		12
2570		14
2571		12
2572		14
2573		13
2574		10
2575		13
2576		12
2577		10
2578		10
2579		8
2580		13
2581		13
2582		14
2583		12
2584		12
2585		13
2586		13
2587		13
2588		14
2589		12
2590		9
2591		9
2592		12
2593		11
2594		11
2595		13
2596		12
2597		13
2598		6
2599		16
2600		13
2601		12
2602		11
2603		11
2604		13
2605		9
2606		11
2607		8
2608		9
2609		14
2610		10
2611		13
2612		13
2613		13
2614		9
2615		14
2616		11
2617		11
2618		8
2619		9
2620		15
2621		8
2622		9
2623		12
2624		10
2625		10
2626		12
2627		18
2628		11
2629		10
2630		18
2631		11
2632		15
2633		11
2634		13
2635		13
2636		13
2637		12
2638		12
2639		13
2640		4
2641		15
2642		12
2643		12
2644		11
2645		14
2646		13
2647		10
2648		17
2649		10
2650		12
2651		13
2652		13
2653		8
2654		14
2655		18
2656		10
2657		14
2658		14
2659		12
2660		8
2661		11
2662		12
2663		16
2664		16
2665		11
2666		13
2667		14
2668		9
2669		11
2670		9
2671		17
2672		11
2673		12
2674		12
2675		11
2676		12
2677		12
2678		12
2679		13
2680		11
2681		13
2682		11
2683		12
2684		10
2685		9
2686		9
2687		13
2688		12
2689		8
2690		16
2691		11
2692		11
2693		14
2694		8
2695		12
2696		10
2697		15
2698		13
2699		12
2700		13
2701		17
2702		14
2703		9
2704		14
2705		15
2706		12
2707		16
2708		14
2709		15
2710		10
2711		10
2712		10
2713		15
2714		14
2715		8
2716		16
2717		14
2718		12
2719		9
2720		10
2721		14
2722		10
2723		12
2724		13
2725		12
2726		11
2727		13
2728		10
2729		6
2730		9
2731		12
2732		10
2733		13
2734		11
2735		16
2736		10
2737		15
2738		11
2739		11
2740		11
2741		13
2742		11
2743		14
2744		8
2745		15
2746		14
2747		10
2748		13
2749		11
2750		11
2751		13
2752		14
2753		14
2754		9
2755		12
2756		13
2757		12
2758		11
2759		11
2760		13
2761		11
2762		13
2763		12
2764		8
2765		12
2766		11
2767		7
2768		12
2769		11
2770		14
2771		12
2772		13
2773		12
2774		12
2775		10
2776		10
2777		12
2778		8
2779		13
2780		16
2781		14
2782		14
2783		12
2784		17
2785		16
2786		15
2787		14
2788		15
2789		13
2790		8
2791		14
2792		16
2793		16
2794		11
2795		13
2796		11
2797		11
2798		10
2799		9
2800		12
2801		8
2802		14
2803		10
2804		12
2805		11
2806		13
2807		9
2808		11
2809		12
2810		12
2811		13
2812		12
2813		9
2814		12
2815		11
2816		11
2817		11
2818		13
2819		13
2820		14
2821		19
2822		16
2823		13
2824		10
2825		15
2826		18
2827		15
2828		9
2829		12
2830		10
2831		12
2832		21
2833		12
2834		13
2835		14
2836		11
2837		13
2838		9
2839		14
2840		10
2841		12
2842		10
2843		6
2844		12
2845		14
2846		11
2847		10
2848		9
2849		11
2850		12
2851		9
2852		12
2853		12
2854		13
2855		12
2856		11
2857		13
2858		13
2859		9
2860		13
2861		10
2862		10
2863		15
2864		12
2865		19
2866		11
2867		16
2868		12
2869		13
2870		14
2871		10
2872		10
2873		8
2874		9
2875		10
2876		12
2877		14
2878		8
2879		10
2880		10
2881		12
2882		12
2883		9
2884		11
2885		8
2886		10
2887		12
2888		13
2889		8
2890		13
2891		13
2892		13
2893		7
2894		11
2895		11
2896		12
2897		10
2898		15
2899		14
2900		14
2901		9
2902		7
2903		13
2904		9
2905		7
2906		13
2907		13
2908		12
2909		11
2910		16
2911		12
2912		11
2913		15
2914		7
2915		11
2916		11
2917		10
2918		14
2919		10
2920		11
2921		12
2922		13
2923		12
2924		13
2925		13
2926		13
2927		13
2928		9
2929		13
2930		15
2931		10
2932		12
2933		13
2934		10
2935		17
2936		10
2937		9
2938		6
2939		14
2940		10
2941		12
2942		13
2943		9
2944		14
2945		13
2946		8
2947		11
2948		12
2949		11
2950		13
2951		16
2952		7
2953		10
2954		13
2955		14
2956		11
2957		9
2958		11
2959		10
2960		11
2961		13
2962		12
2963		13
2964		14
2965		11
2966		13
2967		13
2968		10
2969		14
2970		13
2971		13
2972		10
2973		10
2974		14
2975		13
2976		15
2977		13
2978		10
2979		9
2980		13
2981		11
2982		12
2983		13
2984		8
2985		13
2986		11
2987		13
2988		12
2989		11
2990		10
2991		5
2992		11
2993		13
2994		14
2995		13
2996		17
2997		10
2998		14
2999		15
3000		10
3001		16
3002		11
3003		12
3004		14
3005		11
3006		12
3007		9
3008		13
3009		13
3010		12
3011		7
3012		11
3013		5
3014		10
3015		14
3016		11
3017		11
3018		13
3019		12
3020		12
3021		11
3022		13
3023		11
3024		13
3025		13
3026		14
3027		12
3028		12
3029		12
3030		14
3031		11
3032		7
3033		11
3034		15
3035		12
3036		12
3037		16
3038		10
3039		18
3040		11
3041		13
3042		15
3043		18
3044		6
3045		12
3046		13
3047		12
3048		12
3049		12
3050		13
3051		18
3052		10
3053		13
3054		8
3055		12
3056		9
3057		9
3058		13
3059		13
3060		13
3061		14
3062		11
3063		11
3064		11
3065		12
3066		12
3067		10
3068		9
3069		11
3070		10
3071		11
3072		10
3073		12
3074		10
3075		15
3076		15
3077		12
3078		15
3079		11
3080		8
3081		13
3082		8
3083		11
3084		6
3085		11
3086		10
3087		14
3088		7
3089		12
3090		15
3091		13
3092		13
3093		10
3094		12
3095		11
3096		13
3097		14
3098		13
3099		15
3100		8
3101		12
3102		11
3103		15
3104		12
3105		11
3106		16
3107		13
3108		9
3109		13
3110		9
3111		11
3112		15
3113		12
3114		14
3115		11
3116		14
3117		14
3118		12
3119		12
3120		14
3121		9
3122		12
3123		14
3124		14
3125		15
3126		11
3127		15
3128		11
3129		9
3130		12
3131		18
3132		12
3133		11
3134		15
3135		7
3136		13
3137		11
3138		14
3139		11
3140		15
3141		13
3142		14
3143		13
3144		11
3145		11
3146		8
3147		11
3148		12
3149		14
3150		12
3151		14
3152		11
3153		11
3154		12
3155		13
3156		14
3157		11
3158		13
3159		12
3160		14
3161		12
3162		10
3163		15
3164		13
3165		8
3166		12
3167		14
3168		8
3169		12
3170		10
3171		12
3172		14
3173		11
3174		13
3175		11
3176		7
3177		13
3178		12
3179		11
3180		9
3181		15
3182		13
3183		10
3184		13
3185		12
3186		15
3187		11
3188		9
3189		14
3190		10
3191		11
3192		13
3193		6
3194		12
3195		11
3196		12
3197		12
3198		18
3199		10
3200		8
3201		15
3202		11
3203		10
3204		7
3205		13
3206		8
3207		10
3208		8
3209		14
3210		9
3211		14
3212		15
3213		12
3214		12
3215		7
3216		12
3217		9
3218		12
3219		13
3220		12
3221		14
3222		17
3223		16
3224		11
3225		12
3226		9
3227		12
3228		10
3229		11
3230		12
3231		9
3232		14
3233		9
3234		11
3235		11
3236		15
3237		13
3238		8
3239		12
3240		10
3241		14
3242		13
3243		7
3244		12
3245		13
3246		9
3247		8
3248		8
3249		15
3250		12
3251		12
3252		12
3253		9
3254		11
3255		14
3256		12
3257		9
3258		14
3259		11
3260		13
3261		12
3262		13
3263		12
3264		10
3265		11
3266		14
3267		9
3268		13
3269		12
3270		12
3271		10
3272		11
3273		13
3274		12
3275		12
3276		14
3277		12
3278		11
3279		14
3280		14
3281		9
3282		15
3283		18
3284		12
3285		13
3286		10
3287		14
3288		15
3289		12
3290		13
3291		9
3292		13
3293		11
3294		13
3295		17
3296		15
3297		12
3298		13
3299		2
3300		12
3301		13
3302		12
3303		14
3304		13
3305		11
3306		14
3307		15
3308		12
3309		11
3310		13
3311		15
3312		9
3313		13
3314		13
3315		12
3316		13
3317		13
3318		11
3319		13
3320		13
3321		7
3322		13
3323		13
3324		9
3325		12
3326		13
3327		14
3328		11
3329		14
3330		11
3331		12
3332		10
3333		10
3334		5
3335		11
3336		11
3337		10
3338		13
3339		9
3340		13
3341		10
3342		14
3343		15
3344		11
3345		11
3346		13
3347		11
3348		12
3349		5
3350		13
3351		14
3352		11
3353		13
3354		16
3355		14
3356		13
3357		13
3358		11
3359		14
3360		7
3361		16
3362		14
3363		11
3364		15
3365		14
3366		12
3367		17
3368		12
3369		15
3370		14
3371		11
3372		11
3373		13
3374		10
3375		14
3376		11
3377		9
3378		12
3379		10
3380		14
3381		13
3382		11
3383		14
3384		13
3385		11
3386		14
3387		10
3388		9
3389		11
3390		14
3391		13
3392		13
3393		13
3394		9
3395		13
3396		15
3397		12
3398		14
3399		7
3400		11
3401		10
3402		15
3403		13
3404		12
3405		13
3406		10
3407		11
3408		9
3409		11
3410		12
3411		11
3412		15
3413		14
3414		14
3415		11
3416		13
3417		13
3418		15
3419		13
3420		11
3421		12
3422		12
3423		9
3424		13
3425		16
3426		14
3427		14
3428		14
3429		10
3430		10
3431		12
3432		13
3433		15
3434		14
3435		16
3436		12
3437		10
3438		12
3439		13
3440		14
3441		15
3442		12
3443		14
3444		13
3445		15
3446		13
3447		14
3448		11
3449		14
3450		9
3451		11
3452		9
3453		12
3454		11
3455		13
3456		8
3457		12
3458		9
3459		16
3460		15
3461		12
3462		11
3463		14
3464		13
3465		14
3466		11
3467		9
3468		13
3469		10
3470		12
3471		10
3472		10
3473		12
3474		14
3475		14
3476		11
3477		12
3478		14
3479		14
3480		14
3481		10
3482		13
3483		12
3484		8
3485		10
3486		11
3487		14
3488		14
3489		14
3490		6
3491		15
3492		11
3493		12
3494		11
3495		10
3496		15
3497		12
3498		10
3499		13
3500		12
3501		13
3502		10
3503		12
3504		15
3505		13
3506		12
3507		14
3508		11
3509		13
3510		9
3511		11
3512		13
3513		16
3514		16
3515		9
3516		15
3517		13
3518		14
3519		10
3520		18
3521		12
3522		3
3523		6
3524		16
3525		9
3526		11
3527		13
3528		10
3529		6
3530		9
3531		13
3532		7
3533		12
3534		12
3535		16
3536		8
3537		9
3538		11
3539		8
3540		15
3541		11
3542		18
3543		14
3544		11
3545		14
3546		17
3547		12
3548		13
3549		15
3550		13
3551		12
3552		6
3553		12
3554		17
3555		12
3556		12
3557		13
3558		14
3559		10
3560		12
3561		10
3562		13
3563		12
3564		10
3565		12
3566		13
3567		13
3568		14
3569		9
3570		13
3571		15
3572		12
3573		12
3574		14
3575		10
3576		12
3577		13
3578		14
3579		12
3580		8
3581		9
3582		9
3583		9
3584		12
3585		13
3586		4
3587		14
3588		12
3589		15
3590		12
3591		12
3592		11
3593		14
3594		12
3595		9
3596		13
3597		9
3598		12
3599		5
3600		15
3601		13
3602		13
3603		10
3604		14
3605		12
3606		12
3607		11
3608		16
3609		7
3610		6
3611		9
3612		12
3613		9
3614		12
3615		13
3616		12
3617		11
3618		13
3619		12
3620		13
3621		15
3622		6
3623		13
3624		12
3625		15
3626		10
3627		13
3628		12
3629		14
3630		9
3631		14
3632		9
3633		11
3634		10
3635		14
3636		9
3637		9
3638		8
3639		17
3640		14
3641		13
3642		13
3643		13
3644		11
3645		18
3646		14
3647		13
3648		11
3649		9
3650		11
3651		11
3652		12
3653		10
3654		12
3655		14
3656		13
3657		14
3658		9
3659		13
3660		14
3661		9
3662		15
3663		10
3664		12
3665		14
3666		10
3667		11
3668		11
3669		12
3670		7
3671		11
3672		13
3673		13
3674		11
3675		14
3676		13
3677		12
3678		14
3679		11
3680		13
3681		13
3682		11
3683		13
3684		9
3685		12
3686		13
3687		12
3688		12
3689		13
3690		2
3691		11
3692		8
3693		8
3694		11
3695		13
3696		7
3697		15
3698		13
3699		13
3700		12
3701		11
3702		12
3703		11
3704		10
3705		10
3706		13
3707		13
3708		12
3709		10
3710		12
3711		11
3712		10
3713		12
3714		12
3715		17
3716		12
3717		13
3718		12
3719		11
3720		11
3721		9
3722		11
3723		12
3724		14
3725		13
3726		12
3727		13
3728		14
3729		13
3730		12
3731		12
3732		12
3733		11
3734		14
3735		13
3736		13
3737		12
3738		11
3739		12
3740		11
3741		11
3742		11
3743		11
3744		14
3745		12
3746		13
3747		12
3748		10
3749		13
3750		14
3751		9
3752		13
3753		13
3754		16
3755		9
3756		10
3757		14
3758		12
3759		7
3760		11
3761		16
3762		12
3763		13
3764		12
3765		10
3766		14
3767		13
3768		10
3769		16
3770		12
3771		12
3772		12
3773		13
3774		15
3775		14
3776		13
3777		13
3778		13
3779		12
3780		12
3781		14
3782		9
3783		19
3784		12
3785		10
3786		11
3787		14
3788		9
3789		8
3790		11
3791		13
3792		13
3793		15
3794		13
3795		15
3796		11
3797		11
3798		13
3799		9
3800		13
3801		15
3802		10
3803		10
3804		15
3805		12
3806		15
3807		11
3808		14
3809		12
3810		11
3811		13
3812		13
3813		12
3814		12
3815		10
3816		14
3817		10
3818		10
3819		13
3820		10
3821		17
3822		11
3823		6
3824		14
3825		8
3826		13
3827		12
3828		12
3829		10
3830		7
3831		12
3832		12
3833		12
3834		11
3835		15
3836		12
3837		13
3838		15
3839		13
3840		12
3841		13
3842		10
3843		12
3844		15
3845		15
3846		10
3847		11
3848		13
3849		13
3850		11
3851		11
3852		11
3853		16
3854		12
3855		8
3856		12
3857		17
3858		9
3859		12
3860		11
3861		11
3862		11
3863		13
3864		8
3865		14
3866		9
3867		11
3868		12
3869		12
3870		15
3871		12
3872		16
3873		16
3874		9
3875		10
3876		13
3877		16
3878		13
3879		11
3880		13
3881		10
3882		16
3883		11
3884		8
3885		14
3886		9
3887		14
3888		9
3889		12
3890		14
3891		11
3892		13
3893		12
3894		14
3895		11
3896		16
3897		12
3898		12
3899		14
3900		12
3901		15
3902		11
3903		11
3904		12
3905		13
3906		11
3907		12
3908		14
3909		11
3910		16
3911		10
3912		9
3913		13
3914		12
3915		12
3916		13
3917		14
3918		11
3919		11
3920		12
3921		10
3922		14
3923		13
3924		11
3925		12
3926		14
3927		14
3928		16
3929		12
3930		12
3931		10
3932		11
3933		10
3934		13
3935		9
3936		13
3937		10
3938		11
3939		11
3940		12
3941		12
3942		11
3943		13
3944		11
3945		12
3946		12
3947		10
3948		11
3949		11
3950		12
3951		11
3952		14
3953		12
3954		9
3955		14
3956		14
3957		12
3958		12
3959		11
3960		13
3961		10
3962		8
3963		13
3964		9
3965		13
3966		9
3967		10
3968		10
3969		8
3970		12
3971		20
3972		11
3973		8
3974		15
3975		16
3976		8
3977		11
3978		12
3979		11
3980		10
3981		14
3982		16
3983		11
3984		11
3985		14
3986		17
3987		13
3988		14
3989		10
3990		13
3991		10
3992		11
3993		12
3994		12
3995		14
3996		11
3997		12
3998		12
3999		13
4000		13
4001		12
4002		8
4003		10
4004		15
4005		12
4006		12
4007		12
4008		15
4009		16
4010		18
4011		11
4012		14
4013		12
4014		14
4015		12
4016		14
4017		8
4018		10
4019		11
4020		13
4021		14
4022		14
4023		15
4024		10
4025		7
4026		14
4027		10
4028		9
4029		14
4030		10
4031		10
4032		13
4033		19
4034		12
4035		11
4036		13
4037		13
4038		8
4039		9
4040		10
4041		12
4042		11
4043		14
4044		12
4045		10
4046		13
4047		10
4048		14
4049		10
4050		9
4051		10
4052		11
4053		11
4054		10
4055		13
4056		11
4057		11
4058		13
4059		14
4060		15
4061		16
4062		10
4063		14
4064		16
4065		10
4066		15
4067		13
4068		14
4069		10
4070		8
4071		9
4072		13
4073		9
4074		13
4075		14
4076		11
4077		8
4078		14
4079		12
4080		18
4081		12
4082		13
4083		11
4084		8
4085		15
4086		13
4087		15
4088		12
4089		14
4090		9
4091		11
4092		12
4093		12
4094		14
4095		10
4096		11
4097		10
4098		14
4099		11
4100		15
4101		13
4102		13
4103		16
4104		9
4105		9
4106		14
4107		14
4108		10
4109		12
4110		11
4111		7
4112		10
4113		9
4114		11
4115		12
4116		15
4117		12
4118		12
4119		12
4120		14
4121		13
4122		14
4123		9
4124		14
4125		14
4126		13
4127		12
4128		13
4129		13
4130		12
4131		15
4132		11
4133		12
4134		4
4135		14
4136		11
4137		14
4138		9
4139		14
4140		13
4141		11
4142		11
4143		13
4144		13
4145		14
4146		10
4147		11
4148		12
4149		13
4150		13
4151		14
4152		14
4153		11
4154		8
4155		17
4156		10
4157		12
4158		8
4159		14
4160		14
4161		10
4162		8
4163		5
4164		12
4165		13
4166		15
4167		14
4168		13
4169		14
4170		7
4171		13
4172		12
4173		16
4174		10
4175		11
4176		11
4177		15
4178		10
4179		11
4180		10
4181		14
4182		17
4183		12
4184		11
4185		13
4186		6
4187		11
4188		11
4189		9
4190		10
4191		10
4192		12
4193		15
4194		10
4195		7
4196		13
4197		8
4198		11
4199		11
4200		11
4201		11
4202		14
4203		12
4204		14
4205		11
4206		13
4207		17
4208		10
4209		17
4210		14
4211		11
4212		11
4213		9
4214		13
4215		15
4216		16
4217		14
4218		14
4219		15
4220		9
4221		15
4222		16
4223		15
4224		11
4225		14
4226		13
4227		9
4228		13
4229		9
4230		13
4231		10
4232		12
4233		11
4234		10
4235		12
4236		11
4237		10
4238		11
4239		16
4240		9
4241		10
4242		7
4243		13
4244		11
4245		13
4246		14
4247		11
4248		11
4249		13
4250		11
4251		9
4252		10
4253		14
4254		12
4255		14
4256		13
4257		10
4258		12
4259		12
4260		14
4261		14
4262		12
4263		11
4264		12
4265		11
4266		12
4267		11
4268		12
4269		12
4270		14
4271		12
4272		12
4273		13
4274		8
4275		9
4276		12
4277		14
4278		12
4279		12
4280		11
4281		12
4282		13
4283		10
4284		13
4285		12
4286		13
4287		6
4288		12
4289		13
4290		15
4291		12
4292		10
4293		12
4294		14
4295		9
4296		15
4297		10
4298		11
4299		12
4300		15
4301		13
4302		14
4303		12
4304		9
4305		13
4306		13
4307		11
4308		14
4309		10
4310		12
4311		12
4312		12
4313		14
4314		12
4315		14
4316		13
4317		11
4318		11
4319		9
4320		9
4321		12
4322		14
4323		11
4324		13
4325		8
4326		12
4327		12
4328		13
4329		12
4330		11
4331		7
4332		12
4333		11
4334		15
4335		14
4336		14
4337		16
4338		12
4339		12
4340		14
4341		8
4342		10
4343		13
4344		13
4345		11
4346		11
4347		6
4348		10
4349		10
4350		12
4351		11
4352		12
4353		14
4354		14
4355		11
4356		11
4357		14
4358		12
4359		15
4360		14
4361		12
4362		12
4363		12
4364		11
4365		12
4366		11
4367		9
4368		11
4369		12
4370		12
4371		6
4372		13
4373		16
4374		13
4375		13
4376		13
4377		12
4378		11
4379		12
4380		10
4381		18
4382		13
4383		9
4384		9
4385		11
4386		15
4387		15
4388		13
4389		12
4390		14
4391		14
4392		16
4393		18
4394		13
4395		11
4396		14
4397		14
4398		8
4399		18
4400		13
4401		14
4402		13
4403		12
4404		11
4405		15
4406		11
4407		12
4408		9
4409		13
4410		12
4411		9
4412		11
4413		13
4414		8
4415		13
4416		15
4417		9
4418		17
4419		15
4420		7
4421		8
4422		14
4423		12
4424		11
4425		8
4426		11
4427		12
4428		11
4429		12
4430		9
4431		14
4432		12
4433		13
4434		14
4435		12
4436		14
4437		11
4438		11
4439		13
4440		13
4441		10
4442		11
4443		11
4444		9
4445		12
4446		13
4447		11
4448		13
4449		15
4450		14
4451		11
4452		12
4453		10
4454		10
4455		15
4456		15
4457		11
4458		14
4459		10
4460		10
4461		11
4462		11
4463		10
4464		13
4465		14
4466		15
4467		11
4468		14
4469		11
4470		13
4471		9
4472		12
4473		11
4474		10
4475		10
4476		11
4477		14
4478		10
4479		14
4480		8
4481		13
4482		10
4483		8
4484		11
4485		13
4486		11
4487		11
4488		12
4489		13
4490		13
4491		13
4492		9
4493		13
4494		13
4495		15
4496		13
4497		15
4498		15
4499		10
4500		9
4501		12
4502		10
4503		9
4504		15
4505		15
4506		13
4507		14
4508		13
4509		15
4510		11
4511		11
4512		13
4513		11
4514		11
4515		9
4516		13
4517		13
4518		12
4519		11
4520		13
4521		13
4522		13
4523		6
4524		18
4525		14
4526		13
4527		14
4528		14
4529		14
4530		12
4531		14
4532		10
4533		12
4534		11
4535		13
4536		12
4537		12
4538		10
4539		5
4540		9
4541		9
4542		12
4543		14
4544		17
4545		13
4546		11
4547		10
4548		12
4549		12
4550		12
4551		14
4552		13
4553		11
4554		15
4555		12
4556		12
4557		14
4558		15
4559		12
4560		6
4561		12
4562		15
4563		12
4564		15
4565		14
4566		12
4567		13
4568		14
4569		13
4570		13
4571		11
4572		11
4573		10
4574		15
4575		11
4576		11
4577		13
4578		11
4579		10
4580		14
4581		11
4582		13
4583		13
4584		12
4585		12
4586		15
4587		16
4588		11
4589		11
4590		11
4591		13
4592		13
4593		11
4594		11
4595		15
4596		11
4597		14
4598		11
4599		11
4600		11
4601		11
4602		10
4603		13
4604		12
4605		13
4606		9
4607		12
4608		13
4609		13
4610		15
4611		15
4612		9
4613		12
4614		11
4615		10
4616		12
4617		11
4618		12
4619		12
4620		17
4621		13
4622		12
4623		9
4624		17
4625		17
4626		15
4627		15
4628		11
4629		14
4630		11
4631		13
4632		11
4633		9
4634		11
4635		8
4636		16
4637		13
4638		14
4639		12
4640		11
4641		14
4642		9
4643		13
4644		13
4645		11
4646		14
4647		12
4648		15
4649		13
4650		13
4651		13
4652		10
4653		12
4654		11
4655		14
4656		9
4657		12
4658		14
4659		11
4660		14
4661		14
4662		14
4663		14
4664		11
4665		10
4666		13
4667		13
4668		9
4669		15
4670		13
4671		10
4672		13
4673		6
4674		13
4675		10
4676		16
4677		13
4678		12
4679		13
4680		10
4681		12
4682		11
4683		12
4684		14
4685		10
4686		13
4687		13
4688		14
4689		10
4690		13
4691		8
4692		13
4693		13
4694		13
4695		12
4696		14
4697		13
4698		12
4699		9
4700		14
4701		14
4702		13
4703		13
4704		12
4705		11
4706		10
4707		11
4708		12
4709		12
4710		9
4711		14
4712		9
4713		10
4714		13
4715		16
4716		11
4717		11
4718		13
4719		12
4720		13
4721		4
4722		16
4723		13
4724		16
4725		11
4726		16
4727		13
4728		12
4729		10
4730		13
4731		11
4732		11
4733		11
4734		14
4735		11
4736		8
4737		11
4738		12
4739		11
4740		15
4741		14
4742		11
4743		7
4744		11
4745		14
4746		12
4747		14
4748		12
4749		13
4750		13
4751		14
4752		13
4753		11
4754		14
4755		16
4756		10
4757		15
4758		15
4759		13
4760		14
4761		11
4762		12
4763		12
4764		13
4765		10
4766		11
4767		8
4768		13
4769		15
4770		12
4771		11
4772		14
4773		14
4774		13
4775		14
4776		7
4777		13
4778		4
4779		12
4780		10
4781		12
4782		12
4783		12
4784		15
4785		13
4786		14
4787		12
4788		14
4789		13
4790		11
4791		8
4792		12
4793		12
4794		12
4795		17
4796		14
4797		5
4798		7
4799		13
4800		12
4801		14
4802		11
4803		11
4804		11
4805		13
4806		12
4807		14
4808		11
4809		11
4810		12
4811		11
4812		11
4813		14
4814		10
4815		11
4816		13
4817		14
4818		12
4819		8
4820		11
4821		10
4822		13
4823		13
4824		10
4825		11
4826		10
4827		5
4828		16
4829		16
4830		8
4831		13
4832		11
4833		9
4834		4
4835		11
4836		11
4837		10
4838		12
4839		12
4840		12
4841		13
4842		10
4843		13
4844		15
4845		13
4846		11
4847		14
4848		10
4849		10
4850		10
4851		15
4852		9
4853		11
4854		13
4855		9
4856		5
4857		11
4858		9
4859		12
4860		12
4861		12
4862		11
4863		9
4864		12
4865		14
4866		13
4867		12
4868		12
4869		11
4870		14
4871		11
4872		10
4873		12
4874		12
4875		16
4876		13
4877		15
4878		12
4879		12
4880		9
4881		4
4882		9
4883		9
4884		9
4885		10
4886		14
4887		10
4888		7
4889		15
4890		13
4891		15
4892		7
4893		14
4894		12
4895		14
4896		12
4897		14
4898		13
4899		12
4900		12
4901		9
4902		14
4903		11
4904		13
4905		17
4906		13
4907		12
4908		13
4909		15
4910		9
4911		13
4912		3
4913		16
4914		12
4915		12
4916		14
4917		13
4918		15
4919		7
4920		13
4921		13
4922		12
4923		12
4924		12
4925		13
4926		10
4927		16
4928		14
4929		12
4930		11
4931		11
4932		14
4933		13
4934		10
4935		15
4936		14
4937		9
4938		10
4939		18
4940		8
4941		12
4942		14
4943		14
4944		9
4945		12
4946		9
4947		14
4948		11
4949		12
4950		12
4951		9
4952		8
4953		11
4954		12
4955		15
4956		12
4957		10
4958		5
4959		12
4960		14
4961		12
4962		10
4963		7
4964		11
4965		12
4966		14
4967		12
4968		15
4969		11
4970		14
4971		6
4972		14
4973		12
4974		10
4975		14
4976		15
4977		15
4978		10
4979		12
4980		11
4981		13
4982		13
4983		12
4984		12
4985		18
4986		16
4987		9
4988		14
4989		12
4990		14
4991		12
4992		10
4993		13
4994		14
4995		15
4996		15
4997		15
4998		12
4999		14
5000		11
5001		6
5002		14
5003		16
5004		14
5005		13
5006		13
5007		11
5008		6
5009		13
5010		12
5011		14
5012		14
5013		10
5014		16
5015		13
5016		11
5017		10
5018		14
5019		13
5020		12
5021		13
5022		11
5023		12
5024		12
5025		12
5026		14
5027		12
5028		8
5029		9
5030		15
5031		14
5032		13
5033		14
5034		11
5035		15
5036		13
5037		11
5038		13
5039		8
5040		15
5041		14
5042		13
5043		16
5044		12
5045		9
5046		8
5047		10
5048		10
5049		14
5050		14
5051		13
5052		10
5053		12
5054		13
5055		10
5056		13
5057		10
5058		16
5059		12
5060		13
5061		9
5062		12
5063		11
5064		11
5065		11
5066		11
5067		15
5068		13
5069		13
5070		12
5071		11
5072		12
5073		12
5074		12
5075		10
5076		10
5077		8
5078		14
5079		13
5080		5
5081		12
5082		12
5083		13
5084		11
5085		5
5086		8
5087		10
5088		12
5089		10
5090		11
5091		11
5092		10
5093		13
5094		14
5095		10
5096		12
5097		14
5098		12
5099		8
5100		13
5101		9
5102		15
5103		7
5104		12
5105		18
5106		15
5107		12
5108		12
5109		12
5110		12
5111		12
5112		8
5113		12
5114		16
5115		10
5116		13
5117		10
5118		12
5119		17
5120		9
5121		12
5122		12
5123		12
5124		15
5125		10
5126		12
5127		13
5128		9
5129		14
5130		12
5131		12
5132		12
5133		12
5134		13
5135		12
5136		12
5137		8
5138		13
5139		12
5140		13
5141		10
5142		13
5143		14
5144		15
5145		11
5146		11
5147		15
5148		15
5149		14
5150		12
5151		15
5152		13
5153		11
5154		13
5155		14
5156		10
5157		12
5158		12
5159		15
5160		13
5161		12
5162		10
5163		14
5164		13
5165		12
5166		10
5167		12
5168		14
5169		11
5170		11
5171		12
5172		13
5173		12
5174		12
5175		14
5176		12
5177		14
5178		8
5179		13
5180		11
5181		11
5182		10
5183		14
5184		10
5185		11
5186		13
5187		12
5188		11
5189		11
5190		9
5191		10
5192		10
5193		12
5194		5
5195		13
5196		11
5197		15
5198		13
5199		13
5200		14
5201		8
5202		9
5203		10
5204		13
5205		9
5206		17
5207		11
5208		13
5209		9
5210		11
5211		12
5212		9
5213		12
5214		15
5215		12
5216		14
5217		11
5218		13
5219		14
5220		14
5221		11
5222		12
5223		13
5224		11
5225		9
5226		11
5227		16
5228		12
5229		15
5230		11
5231		13
5232		12
5233		13
5234		11
5235		17
5236		14
5237		13
5238		13
5239		10
5240		14
5241		10
5242		13
5243		9
5244		11
5245		13
5246		13
5247		14
5248		12
5249		7
5250		17
5251		12
5252		12
5253		11
5254		13
5255		11
5256		11
5257		13
5258		15
5259		13
5260		11
5261		13
5262		13
5263		13
5264		9
5265		17
5266		10
5267		9
5268		12
5269		13
5270		15
5271		14
5272		14
5273		11
5274		13
5275		11
5276		13
5277		11
5278		11
5279		9
5280		11
5281		15
5282		13
5283		13
5284		17
5285		16
5286		12
5287		14
5288		16
5289		9
5290		12
5291		12
5292		16
5293		11
5294		10
5295		8
5296		13
5297		13
5298		13
5299		11
5300		10
5301		11
5302		10
5303		11
5304		10
5305		13
5306		11
5307		14
5308		13
5309		16
5310		13
5311		10
5312		11
5313		13
5314		16
5315		11
5316		13
5317		10
5318		8
5319		9
5320		9
5321		6
5322		12
5323		11
5324		12
5325		11
5326		13
5327		14
5328		14
5329		14
5330		13
5331		11
5332		13
5333		13
5334		8
5335		12
5336		12
5337		13
5338		14
5339		13
5340		13
5341		12
5342		13
5343		10
5344		8
5345		15
5346		12
5347		11
5348		11
5349		10
5350		14
5351		13
5352		14
5353		8
5354		15
5355		13
5356		11
5357		7
5358		14
5359		12
5360		9
5361		14
5362		13
5363		15
5364		11
5365		13
5366		11
5367		13
5368		8
5369		11
5370		11
5371		12
5372		13
5373		13
5374		13
5375		11
5376		16
5377		12
5378		11
5379		12
5380		11
5381		11
5382		13
5383		11
5384		12
5385		17
5386		14
5387		13
5388		11
5389		13
5390		11
5391		12
5392		13
5393		15
5394		12
5395		12
5396		10
5397		6
5398		12
5399		11
5400		13
5401		6
5402		14
5403		8
5404		11
5405		9
5406		18
5407		15
5408		9
5409		11
5410		13
5411		15
5412		11
5413		11
5414		14
5415		15
5416		8
5417		11
5418		10
5419		12
5420		13
5421		15
5422		15
5423		10
5424		8
5425		14
5426		9
5427		12
5428		11
5429		11
5430		12
5431		12
5432		12
5433		13
5434		11
5435		14
5436		14
5437		13
5438		16
5439		9
5440		10
5441		10
5442		13
5443		10
5444		13
5445		13
5446		15
5447		15
5448		10
5449		11
5450		15
5451		9
5452		13
5453		12
5454		16
5455		12
5456		12
5457		9
5458		7
5459		12
5460		13
5461		14
5462		11
5463		11
5464		17
5465		10
5466		13
5467		11
5468		12
5469		13
5470		11
5471		14
5472		14
5473		13
5474		10
5475		12
5476		13
5477		14
5478		9
5479		11
5480		14
5481		10
5482		10
5483		8
5484		14
5485		13
5486		9
5487		5
5488		13
5489		15
5490		12
5491		13
5492		13
5493		13
5494		11
5495		10
5496		8
5497		14
5498		14
5499		12
5500		14
5501		11
5502		10
5503		13
5504		8
5505		13
5506		10
5507		12
5508		8
5509		10
5510		10
5511		14
5512		12
5513		14
5514		11
5515		12
5516		10
5517		10
5518		12
5519		15
5520		12
5521		12
5522		13
5523		11
5524		7
5525		10
5526		13
5527		15
5528		11
5529		11
5530		11
5531		12
5532		15
5533		12
5534		12
5535		11
5536		14
5537		7
5538		12
5539		12
5540		11
5541		14
5542		11
5543		12
5544		13
5545		9
5546		13
5547		15
5548		12
5549		11
5550		13
5551		13
5552		12
5553		11
5554		12
5555		14
5556		12
5557		11
5558		10
5559		14
5560		12
5561		14
5562		14
5563		16
5564		11
5565		11
5566		11
5567		13
5568		13
5569		7
5570		11
5571		13
5572		14
5573		13
5574		10
5575		13
5576		11
5577		12
5578		14
5579		12
5580		15
5581		11
5582		12
5583		8
5584		9
5585		17
5586		12
5587		13
5588		14
5589		11
5590		11
5591		16
5592		14
5593		14
5594		13
5595		12
5596		11
5597		11
5598		14
5599		14
5600		11
5601		9
5602		12
5603		13
5604		7
5605		12
5606		13
5607		12
5608		11
5609		14
5610		11
5611		12
5612		13
5613		12
5614		13
5615		8
5616		15
5617		13
5618		12
5619		11
5620		11
5621		12
5622		12
5623		13
5624		9
5625		11
5626		15
5627		11
5628		13
5629		10
5630		14
5631		12
5632		14
5633		11
5634		12
5635		10
5636		17
5637		7
5638		14
5639		11
5640		14
5641		8
5642		12
5643		14
5644		11
5645		13
5646		14
5647		10
5648		11
5649		10
5650		16
5651		13
5652		13
5653		11
5654		14
5655		11
5656		11
5657		16
5658		14
5659		6
5660		11
5661		11
5662		11
5663		12
5664		12
5665		11
5666		9
5667		13
5668		12
5669		14
5670		16
5671		11
5672		11
5673		13
5674		13
5675		10
5676		13
5677		15
5678		14
5679		10
5680		12
5681		11
5682		13
5683		10
5684		11
5685		12
5686		10
5687		15
5688		11
5689		14
5690		13
5691		11
5692		11
5693		14
5694		10
5695		6
5696		10
5697		15
5698		15
5699		13
5700		9
5701		10
5702		13
5703		14
5704		14
5705		11
5706		12
5707		8
5708		12
5709		13
5710		10
5711		17
5712		14
5713		11
5714		10
5715		16
5716		13
5717		12
5718		14
5719		9
5720		17
5721		11
5722		9
5723		9
5724		10
5725		14
5726		12
5727		11
5728		12
5729		12
5730		14
5731		13
5732		12
5733		14
5734		10
5735		16
5736		14
5737		11
5738		14
5739		12
5740		14
5741		10
5742		10
5743		10
5744		13
5745		13
5746		12
5747		9
5748		12
5749		14
5750		9
5751		9
5752		6
5753		11
5754		12
5755		13
5756		14
5757		7
5758		13
5759		14
5760		10
5761		10
5762		13
5763		11
5764		5
5765		10
5766		15
5767		12
5768		11
5769		12
5770		14
5771		12
5772		10
5773		12
5774		12
5775		11
5776		18
5777		13
5778		14
5779		9
5780		12
5781		10
5782		14
5783		9
5784		15
5785		13
5786		13
5787		10
5788		17
5789		13
5790		10
5791		9
5792		13
5793		11
5794		16
5795		10
5796		11
5797		10
5798		17
5799		13
5800		11
5801		13
5802		14
5803		14
5804		11
5805		11
5806		13
5807		3
5808		11
5809		15
5810		12
5811		13
5812		13
5813		12
5814		9
5815		13
5816		11
5817		13
5818		12
5819		14
5820		11
5821		11
5822		12
5823		10
5824		9
5825		13
5826		9
5827		10
5828		11
5829		13
5830		10
5831		12
5832		12
5833		13
5834		12
5835		13
5836		15
5837		11
5838		12
5839		13
5840		10
5841		10
5842		10
5843		9
5844		14
5845		6
5846		9
5847		13
5848		12
5849		11
5850		14
5851		18
5852		12
5853		12
5854		8
5855		14
5856		13
5857		14
5858		14
5859		15
5860		7
5861		16
5862		13
5863		10
5864		13
5865		12
5866		4
5867		12
5868		12
5869		12
5870		10
5871		8
5872		12
5873		12
5874		12
5875		11
5876		12
5877		12
5878		14
5879		14
5880		12
5881		13
5882		13
5883		13
5884		11
5885		12
5886		13
5887		12
5888		13
5889		12
5890		14
5891		15
5892		13
5893		13
5894		13
5895		11
5896		14
5897		11
5898		9
5899		13
5900		11
5901		14
5902		12
5903		5
5904		10
5905		12
5906		14
5907		14
5908		9
5909		13
5910		14
5911		8
5912		12
5913		10
5914		10
5915		5
5916		10
5917		14
5918		15
5919		8
5920		8
5921		12
5922		12
5923		11
5924		11
5925		11
5926		9
5927		11
5928		11
5929		17
5930		15
5931		13
5932		11
5933		10
5934		14
5935		14
5936		14
5937		13
5938		11
5939		9
5940		10
5941		15
5942		14
5943		13
5944		11
5945		14
5946		17
5947		14
5948		14
5949		10
5950		14
5951		15
5952		15
5953		12
5954		10
5955		13
5956		10
5957		15
5958		11
5959		5
5960		11
5961		9
5962		11
5963		13
5964		14
5965		15
5966		16
5967		15
5968		10
5969		15
5970		11
5971		17
5972		14
5973		11
5974		12
5975		10
5976		11
5977		12
5978		10
5979		12
5980		9
5981		12
5982		14
5983		14
5984		6
5985		15
5986		13
5987		13
5988		13
5989		12
5990		15
5991		8
5992		11
5993		10
5994		10
5995		17
5996		15
5997		12
5998		15
5999		11
6000		13
6001		10
6002		11
6003		10
6004		12
6005		11
6006		11
6007		12
6008		12
6009		6
6010		11
6011		9
6012		10
6013		13
6014		11
6015		13
6016		13
6017		12
6018		15
6019		16
6020		13
6021		13
6022		12
6023		9
6024		11
6025		16
6026		11
6027		14
6028		9
6029		11
6030		12
6031		7
6032		9
6033		10
6034		11
6035		10
6036		12
6037		15
6038		9
6039		10
6040		10
6041		10
6042		11
6043		11
6044		12
6045		13
6046		8
6047		9
6048		13
6049		11
6050		13
6051		13
6052		10
6053		13
6054		9
6055		16
6056		12
6057		9
6058		13
6059		12
6060		13
6061		12
6062		14
6063		10
6064		13
6065		13
6066		13
6067		11
6068		13
6069		12
6070		13
6071		12
6072		14
6073		12
6074		15
6075		10
6076		12
6077		14
6078		8
6079		12
6080		14
6081		13
6082		13
6083		13
6084		17
6085		14
6086		10
6087		11
6088		12
6089		13
6090		14
6091		12
6092		9
6093		10
6094		8
6095		15
6096		14
6097		12
6098		11
6099		12
6100		12
6101		11
6102		8
6103		11
6104		10
6105		11
6106		12
6107		12
6108		11
6109		15
6110		12
6111		12
6112		14
6113		12
6114		15
6115		11
6116		12
6117		9
6118		6
6119		15
6120		12
6121		12
6122		12
6123		14
6124		12
6125		11
6126		14
6127		9
6128		13
6129		17
6130		12
6131		13
6132		13
6133		11
6134		10
6135		11
6136		13
6137		10
6138		15
6139		10
6140		11
6141		16
6142		14
6143		14
6144		13
6145		12
6146		13
6147		9
6148		13
6149		12
6150		12
6151		13
6152		13
6153		16
6154		11
6155		12
6156		11
6157		11
6158		11
6159		11
6160		14
6161		15
6162		14
6163		12
6164		12
6165		3
6166		12
6167		14
6168		14
6169		16
6170		10
6171		15
6172		12
6173		4
6174		12
6175		8
6176		13
6177		7
6178		13
6179		10
6180		11
6181		15
6182		11
6183		10
6184		14
6185		13
6186		15
6187		10
6188		14
6189		10
6190		19
6191		15
6192		14
6193		12
6194		15
6195		13
6196		12
6197		11
6198		12
6199		6
6200		15
6201		9
6202		15
6203		13
6204		12
6205		12
6206		11
6207		13
6208		8
6209		12
6210		11
6211		12
6212		14
6213		11
6214		10
6215		14
6216		14
6217		8
6218		7
6219		15
6220		15
6221		11
6222		13
6223		13
6224		13
6225		13
6226		14
6227		12
6228		16
6229		13
6230		10
6231		15
6232		13
6233		11
6234		9
6235		13
6236		14
6237		15
6238		10
6239		14
6240		12
6241		10
6242		14
6243		15
6244		13
6245		11
6246		13
6247		9
6248		12
6249		12
6250		11
6251		13
6252		11
6253		13
6254		14
6255		12
6256		13
6257		12
6258		12
6259		13
6260		13
6261		9
6262		11
6263		13
6264		13
6265		3
6266		9
6267		13
6268		13
6269		11
6270		14
6271		12
6272		9
6273		11
6274		9
6275		12
6276		13
6277		12
6278		13
6279		10
6280		12
6281		14
6282		10
6283		12
6284		13
6285		12
6286		11
6287		14
6288		13
6289		11
6290		17
6291		11
6292		13
6293		14
6294		10
6295		11
6296		11
6297		11
6298		11
6299		15
6300		12
6301		8
6302		10
6303		13
6304		11
6305		10
6306		14
6307		14
6308		11
6309		13
6310		13
6311		11
6312		13
6313		9
6314		12
6315		13
6316		12
6317		12
6318		11
6319		10
6320		14
6321		14
6322		11
6323		13
6324		4
6325		11
6326		11
6327		12
6328		13
6329		7
6330		12
6331		13
6332		14
6333		13
6334		12
6335		19
6336		13
6337		10
6338		13
6339		9
6340		11
6341		12
6342		13
6343		11
6344		11
6345		13
6346		13
6347		14
6348		13
6349		11
6350		11
6351		12
6352		12
6353		11
6354		13
6355		15
6356		12
6357		10
6358		14
6359		14
6360		13
6361		15
6362		12
6363		12
6364		13
6365		19
6366		14
6367		12
6368		14
6369		16
6370		16
6371		11
6372		10
6373		12
6374		11
6375		13
6376		15
6377		14
6378		11
6379		13
6380		10
6381		11
6382		13
6383		16
6384		13
6385		12
6386		8
6387		15
6388		11
6389		15
6390		7
6391		13
6392		11
6393		14
6394		10
6395		11
6396		13
6397		9
6398		13
6399		7
6400		10
6401		7
6402		13
6403		11
6404		12
6405		12
6406		9
6407		11
6408		13
6409		13
6410		14
6411		12
6412		10
6413		10
6414		9
6415		12
6416		9
6417		6
6418		13
6419		13
6420		10
6421		14
6422		15
6423		12
6424		13
6425		11
6426		12
6427		14
6428		12
6429		10
6430		13
6431		12
6432		8
6433		14
6434		13
6435		13
6436		12
6437		11
6438		11
6439		10
6440		12
6441		10
6442		10
6443		13
6444		8
6445		14
6446		9
6447		12
6448		12
6449		11
6450		13
6451		14
6452		13
6453		12
6454		14
6455		14
6456		8
6457		15
6458		6
6459		10
6460		10
6461		11
6462		15
6463		13
6464		13
6465		12
6466		12
6467		14
6468		13
6469		10
6470		10
6471		12
6472		13
6473		9
6474		12
6475		15
6476		11
6477		13
6478		14
6479		10
6480		13
6481		13
6482		14
6483		12
6484		11
6485		13
6486		9
6487		13
6488		14
6489		15
6490		12
6491		12
6492		14
6493		13
6494		7
6495		12
6496		10
6497		12
6498		9
6499		11
6500		11
6501		12
6502		13
6503		10
6504		14
6505		11
6506		13
6507		13
6508		10
6509		13
6510		11
6511		13
6512		15
6513		16
6514		10
6515		13
6516		11
6517		10
6518		10
6519		17
6520		13
6521		14
6522		12
6523		12
6524		11
6525		11
6526		12
6527		13
6528		12
6529		17
6530		13
6531		13
6532		13
6533		9
6534		7
6535		16
6536		13
6537		13
6538		11
6539		14
6540		11
6541		14
6542		16
6543		10
6544		10
6545		11
6546		11
6547		14
6548		13
6549		11
6550		12
6551		9
6552		9
6553		13
6554		7
6555		11
6556		12
6557		12
6558		11
6559		12
6560		16
6561		12
6562		11
6563		10
6564		10
6565		6
6566		11
6567		11
6568		8
6569		12
6570		12
6571		11
6572		15
6573		11
6574		12
6575		13
6576		11
6577		10
6578		12
6579		8
6580		11
6581		15
6582		14
6583		13
6584		10
6585		12
6586		13
6587		9
6588		13
6589		13
6590		8
6591		11
6592		11
6593		9
6594		8
6595		13
6596		13
6597		12
6598		7
6599		11
6600		8
6601		11
6602		13
6603		7
6604		18
6605		12
6606		12
6607		11
6608		12
6609		6
6610		13
6611		10
6612		12
6613		11
6614		16
6615		11
6616		13
6617		14
6618		9
6619		11
6620		15
6621		15
6622		14
6623		14
6624		13
6625		13
6626		10
6627		12
6628		10
6629		15
6630		9
6631		14
6632		13
6633		15
6634		11
6635		11
6636		7
6637		5
6638		12
6639		12
6640		15
6641		12
6642		11
6643		14
6644		13
6645		12
6646		13
6647		9
6648		11
6649		12
6650		10
6651		12
6652		12
6653		12
6654		9
6655		9
6656		11
6657		13
6658		13
6659		10
6660		9
6661		14
6662		7
6663		11
6664		13
6665		13
6666		13
6667		12
6668		13
6669		11
6670		11
6671		7
6672		10
6673		14
6674		10
6675		14
6676		12
6677		12
6678		9
6679		13
6680		9
6681		14
6682		14
6683		12
6684		13
6685		10
6686		10
6687		12
6688		9
6689		12
6690		10
6691		9
6692		10
6693		13
6694		12
6695		12
6696		13
6697		10
6698		15
6699		10
6700		13
6701		14
6702		13
6703		15
6704		13
6705		10
6706		11
6707		12
6708		11
6709		11
6710		12
6711		12
6712		8
6713		10
6714		13
6715		11
6716		15
6717		11
6718		11
6719		12
6720		16
6721		9
6722		13
6723		12
6724		12
6725		10
6726		14
6727		11
6728		11
6729		12
6730		11
6731		11
6732		12
6733		13
6734		13
6735		13
6736		10
6737		9
6738		12
6739		9
6740		10
6741		12
6742		14
6743		12
6744		10
6745		11
6746		11
6747		11
6748		14
6749		10
6750		10
6751		13
6752		13
6753		12
6754		13
6755		15
6756		10
6757		10
6758		11
6759		12
6760		12
6761		12
6762		12
6763		13
6764		9
6765		14
6766		9
6767		12
6768		13
6769		13
6770		14
6771		9
6772		9
6773		14
6774		13
6775		11
6776		13
6777		11
6778		14
6779		10
6780		12
6781		14
6782		11
6783		11
6784		13
6785		12
6786		14
6787		15
6788		9
6789		13
6790		11
6791		13
6792		10
6793		10
6794		12
6795		13
6796		13
6797		12
6798		14
6799		13
6800		14
6801		13
6802		15
6803		7
6804		13
6805		12
6806		14
6807		8
6808		12
6809		8
6810		9
6811		12
6812		10
6813		12
6814		13
6815		13
6816		11
6817		12
6818		15
6819		15
6820		13
6821		12
6822		14
6823		12
6824		11
6825		13
6826		14
6827		13
6828		16
6829		12
6830		14
6831		15
6832		11
6833		11
6834		13
6835		14
6836		12
6837		15
6838		11
6839		11
6840		10
6841		11
6842		11
6843		11
6844		12
6845		13
6846		12
6847		14
6848		10
6849		11
6850		12
6851		12
6852		14
6853		10
6854		8
6855		12
6856		10
6857		13
6858		14
6859		11
6860		13
6861		13
6862		14
6863		14
6864		14
6865		12
6866		11
6867		14
6868		14
6869		12
6870		11
6871		11
6872		15
6873		13
6874		11
6875		13
6876		9
6877		11
6878		20
6879		15
6880		14
6881		13
6882		11
6883		12
6884		14
6885		10
6886		14
6887		11
6888		15
6889		12
6890		2
6891		12
6892		14
6893		12
6894		6
6895		13
6896		9
6897		14
6898		14
6899		13
6900		13
6901		14
6902		11
6903		14
6904		12
6905		6
6906		15
6907		9
6908		10
6909		12
6910		14
6911		14
6912		14
6913		12
6914		11
6915		14
6916		16
6917		12
6918		10
6919		11
6920		14
6921		13
6922		12
6923		11
6924		12
6925		16
6926		10
6927		13
6928		13
6929		13
6930		12
6931		10
6932		12
6933		13
6934		13
6935		12
6936		13
6937		13
6938		8
6939		17
6940		15
6941		14
6942		14
6943		13
6944		15
6945		11
6946		9
6947		14
6948		13
6949		14
6950		11
6951		12
6952		13
6953		10
6954		12
6955		12
6956		15
6957		12
6958		13
6959		9
6960		11
6961		14
6962		8
6963		13
6964		11
6965		12
6966		8
6967		12
6968		19
6969		16
6970		14
6971		11
6972		10
6973		12
6974		14
6975		13
6976		9
6977		7
6978		13
6979		12
6980		11
6981		6
6982		13
6983		11
6984		11
6985		13
6986		14
6987		7
6988		12
6989		12
6990		14
6991		11
6992		11
6993		11
6994		12
6995		9
6996		14
6997		13
6998		13
6999		11
7000		9
7001		13
7002		13
7003		14
7004		11
7005		13
7006		14
7007		14
7008		14
7009		8
7010		10
7011		14
7012		11
7013		18
7014		12
7015		14
7016		15
7017		9
7018		16
7019		15
7020		12
7021		13
7022		11
7023		14
7024		14
7025		13
7026		13
7027		13
7028		10
7029		12
7030		11
7031		12
7032		10
7033		17
7034		12
7035		11
7036		13
7037		11
7038		13
7039		9
7040		11
7041		13
7042		10
7043		15
7044		9
7045		8
7046		14
7047		14
7048		13
7049		13
7050		13
7051		15
7052		12
7053		15
7054		12
7055		16
7056		12
7057		14
7058		6
7059		13
7060		13
7061		15
7062		14
7063		10
7064		15
7065		9
7066		13
7067		11
7068		13
7069		13
7070		10
7071		17
7072		14
7073		14
7074		12
7075		12
7076		17
7077		12
7078		5
7079		15
7080		12
7081		14
7082		12
7083		11
7084		15
7085		11
7086		13
7087		10
7088		11
7089		11
7090		18
7091		14
7092		12
7093		13
7094		14
7095		15
7096		11
7097		9
7098		12
7099		14
7100		13
7101		10
7102		15
7103		13
7104		13
7105		13
7106		9
7107		10
7108		12
7109		12
7110		12
7111		12
7112		12
7113		14
7114		13
7115		13
7116		13
7117		11
7118		16
7119		10
7120		13
7121		15
7122		9
7123		12
7124		15
7125		10
7126		9
7127		11
7128		14
7129		14
7130		15
7131		12
7132		12
7133		12
7134		12
7135		11
7136		9
7137		12
7138		4
7139		11
7140		9
7141		14
7142		12
7143		12
7144		16
7145		13
7146		7
7147		9
7148		12
7149		12
7150		11
7151		13
7152		10
7153		12
7154		13
7155		16
7156		7
7157		13
7158		10
7159		11
7160		13
7161		13
7162		13
7163		9
7164		11
7165		14
7166		13
7167		13
7168		10
7169		13
7170		9
7171		13
7172		11
7173		15
7174		13
7175		10
7176		15
7177		14
7178		13
7179		12
7180		14
7181		12
7182		10
7183		7
7184		13
7185		11
7186		10
7187		11
7188		13
7189		12
7190		11
7191		12
7192		12
7193		12
7194		13
7195		13
7196		12
7197		9
7198		11
7199		9
7200		13
7201		14
7202		8
7203		12
7204		9
7205		8
7206		16
7207		16
7208		13
7209		9
7210		12
7211		9
7212		11
7213		12
7214		8
7215		14
7216		13
7217		14
7218		20
7219		10
7220		12
7221		13
7222		12
7223		11
7224		12
7225		11
7226		14
7227		9
7228		13
7229		12
7230		11
7231		10
7232		7
7233		12
7234		10
7235		10
7236		14
7237		15
7238		9
7239		13
7240		11
7241		16
7242		15
7243		9
7244		8
7245		11
7246		13
7247		9
7248		14
7249		16
7250		15
7251		13
7252		13
7253		13
7254		7
7255		12
7256		10
7257		14
7258		12
7259		18
7260		12
7261		13
7262		15
7263		13
7264		11
7265		11
7266		12
7267		10
7268		11
7269		13
7270		14
7271		7
7272		13
7273		12
7274		14
7275		13
7276		9
7277		10
7278		12
7279		10
7280		12
7281		12
7282		11
7283		14
7284		14
7285		13
7286		10
7287		10
7288		15
7289		12
7290		12
7291		14
7292		15
7293		14
7294		11
7295		14
7296		9
7297		15
7298		12
7299		6
7300		10
7301		14
7302		14
7303		11
7304		16
7305		13
7306		13
7307		11
7308		9
7309		14
7310		10
7311		14
7312		11
7313		10
7314		13
7315		10
7316		15
7317		13
7318		14
7319		14
7320		15
7321		10
7322		13
7323		14
7324		11
7325		13
7326		14
7327		12
7328		11
7329		14
7330		12
7331		10
7332		13
7333		13
7334		15
7335		14
7336		13
7337		11
7338		8
7339		14
7340		9
7341		9
7342		11
7343		13
7344		13
7345		9
7346		11
7347		10
7348		12
7349		13
7350		12
7351		12
7352		13
7353		13
7354		13
7355		14
7356		15
7357		12
7358		18
7359		10
7360		12
7361		13
7362		12
7363		8
7364		13
7365		12
7366		11
7367		14
7368		13
7369		10
7370		13
7371		11
7372		12
7373		18
7374		13
7375		12
7376		10
7377		13
7378		14
7379		11
7380		15
7381		9
7382		15
7383		8
7384		16
7385		12
7386		13
7387		12
7388		9
7389		10
7390		16
7391		13
7392		13
7393		15
7394		12
7395		10
7396		13
7397		15
7398		10
7399		12
7400		15
7401		10
7402		11
7403		14
7404		11
7405		13
7406		14
7407		11
7408		16
7409		12
7410		14
7411		11
7412		13
7413		8
7414		11
7415		11
7416		10
7417		11
7418		7
7419		11
7420		11
7421		13
7422		12
7423		11
7424		9
7425		12
7426		12
7427		12
7428		13
7429		7
7430		10
7431		12
7432		12
7433		13
7434		14
7435		15
7436		14
7437		13
7438		11
7439		11
7440		12
7441		11
7442		11
7443		11
7444		12
7445		14
7446		11
7447		16
7448		15
7449		8
7450		11
7451		11
7452		13
7453		12
7454		12
7455		15
7456		11
7457		12
7458		12
7459		13
7460		10
7461		13
7462		9
7463		13
7464		13
7465		13
7466		12
7467		12
7468		10
7469		14
7470		12
7471		11
7472		10
7473		10
7474		14
7475		11
7476		16
7477		10
7478		12
7479		13
7480		13
7481		17
7482		11
7483		11
7484		13
7485		12
7486		8
7487		12
7488		11
7489		10
7490		17
7491		12
7492		14
7493		15
7494		14
7495		12
7496		10
7497		11
7498		13
7499		14
7500		14
7501		14
7502		10
7503		6
7504		12
7505		9
7506		10
7507		13
7508		13
7509		14
7510		15
7511		11
7512		12
7513		12
7514		14
7515		10
7516		13
7517		13
7518		12
7519		15
7520		9
7521		13
7522		9
7523		11
7524		8
7525		12
7526		14
7527		11
7528		12
7529		9
7530		9
7531		11
7532		13
7533		9
7534		6
7535		11
7536		12
7537		14
7538		8
7539		11
7540		18
7541		8
7542		11
7543		11
7544		12
7545		9
7546		10
7547		10
7548		12
7549		12
7550		11
7551		14
7552		14
7553		12
7554		12
7555		12
7556		7
7557		16
7558		13
7559		12
7560		9
7561		12
7562		9
7563		12
7564		10
7565		10
7566		11
7567		8
7568		11
7569		13
7570		12
7571		14
7572		10
7573		14
7574		11
7575		13
7576		14
7577		12
7578		15
7579		15
7580		11
7581		14
7582		12
7583		10
7584		11
7585		14
7586		11
7587		9
7588		9
7589		15
7590		13
7591		12
7592		13
7593		15
7594		11
7595		13
7596		11
7597		12
7598		11
7599		13
7600		12
7601		14
7602		12
7603		7
7604		15
7605		14
7606		10
7607		8
7608		10
7609		13
7610		13
7611		11
7612		11
7613		14
7614		11
7615		13
7616		13
7617		15
7618		13
7619		14
7620		14
7621		15
7622		10
7623		15
7624		11
7625		12
7626		10
7627		13
7628		13
7629		11
7630		10
7631		9
7632		11
7633		13
7634		10
7635		15
7636		15
7637		12
7638		15
7639		12
7640		9
7641		17
7642		17
7643		11
7644		11
7645		10
7646		14
7647		14
7648		5
7649		12
7650		15
7651		9
7652		13
7653		11
7654		8
7655		8
7656		13
7657		14
7658		15
7659		11
7660		12
7661		14
7662		13
7663		11
7664		13
7665		12
7666		13
7667		10
7668		9
7669		13
7670		11
7671		11
7672		11
7673		12
7674		13
7675		9
7676		15
7677		13
7678		11
7679		12
7680		11
7681		11
7682		14
7683		12
7684		13
7685		19
7686		11
7687		7
7688		14
7689		12
7690		13
7691		8
7692		14
7693		11
7694		10
7695		14
7696		14
7697		12
7698		12
7699		16
7700		14
7701		14
7702		12
7703		11
7704		14
7705		13
7706		12
7707		6
7708		11
7709		12
7710		6
7711		10
7712		8
7713		9
7714		10
7715		12
7716		12
7717		11
7718		12
7719		6
7720		12
7721		8
7722		14
7723		11
7724		12
7725		13
7726		10
7727		9
7728		12
7729		10
7730		13
7731		13
7732		13
7733		15
7734		9
7735		13
7736		14
7737		14
7738		11
7739		14
7740		14
7741		11
7742		14
7743		13
7744		10
7745		13
7746		14
7747		13
7748		13
7749		12
7750		10
7751		17
7752		13
7753		13
7754		9
7755		15
7756		11
7757		15
7758		14
7759		15
7760		12
7761		13
7762		12
7763		12
7764		14
7765		10
7766		13
7767		12
7768		13
7769		10
7770		9
7771		10
7772		11
7773		9
7774		10
7775		12
7776		13
7777		16
7778		10
7779		15
7780		13
7781		13
7782		10
7783		10
7784		15
7785		13
7786		12
7787		7
7788		17
7789		14
7790		11
7791		13
7792		16
7793		11
7794		13
7795		10
7796		14
7797		11
7798		14
7799		11
7800		12
7801		10
7802		13
7803		10
7804		14
7805		11
7806		12
7807		8
7808		10
7809		13
7810		14
7811		12
7812		12
7813		13
7814		15
7815		13
7816		11
7817		12
7818		16
7819		13
7820		12
7821		11
7822		14
7823		13
7824		15
7825		11
7826		16
7827		10
7828		13
7829		9
7830		13
7831		12
7832		13
7833		11
7834		6
7835		15
7836		14
7837		13
7838		13
7839		14
7840		11
7841		8
7842		10
7843		12
7844		9
7845		14
7846		14
7847		13
7848		15
7849		11
7850		9
7851		10
7852		12
7853		16
7854		13
7855		7
7856		9
7857		18
7858		12
7859		9
7860		12
7861		15
7862		13
7863		15
7864		13
7865		11
7866		12
7867		13
7868		12
7869		10
7870		16
7871		10
7872		10
7873		12
7874		14
7875		9
7876		17
7877		11
7878		15
7879		11
7880		11
7881		14
7882		13
7883		11
7884		13
7885		13
7886		12
7887		8
7888		9
7889		12
7890		6
7891		13
7892		10
7893		15
7894		11
7895		12
7896		13
7897		11
7898		11
7899		9
7900		9
7901		11
7902		11
7903		10
7904		12
7905		10
7906		15
7907		10
7908		8
7909		5
7910		9
7911		9
7912		10
7913		10
7914		16
7915		10
7916		13
7917		13
7918		13
7919		9
7920		12
7921		11
7922		12
7923		10
7924		15
7925		11
7926		12
7927		13
7928		8
7929		13
7930		12
7931		13
7932		12
7933		12
7934		14
7935		13
7936		7
7937		13
7938		13
7939		8
7940		12
7941		6
7942		14
7943		13
7944		14
7945		13
7946		15
7947		12
7948		10
7949		15
7950		12
7951		12
7952		13
7953		11
7954		12
7955		8
7956		10
7957		15
7958		13
7959		12
7960		14
7961		8
7962		12
7963		14
7964		12
7965		10
7966		10
7967		13
7968		8
7969		15
7970		17
7971		12
7972		14
7973		10
7974		14
7975		11
7976		13
7977		12
7978		12
7979		14
7980		12
7981		11
7982		13
7983		16
7984		13
7985		8
7986		13
7987		15
7988		13
7989		10
7990		12
7991		10
7992		12
7993		13
7994		10
7995		13
7996		7
7997		8
7998		12
7999		18
8000		15
8001		12
8002		12
8003		11
8004		16
8005		15
8006		15
8007		15
8008		12
8009		10
8010		11
8011		11
8012		11
8013		12
8014		14
8015		11
8016		11
8017		9
8018		16
8019		10
8020		12
8021		14
8022		12
8023		7
8024		18
8025		13
8026		13
8027		13
8028		9
8029		10
8030		13
8031		13
8032		9
8033		7
8034		12
8035		13
8036		12
8037		12
8038		13
8039		17
8040		13
8041		14
8042		12
8043		11
8044		8
8045		13
8046		5
8047		13
8048		13
8049		10
8050		5
8051		13
8052		14
8053		12
8054		13
8055		10
8056		11
8057		12
8058		12
8059		11
8060		9
8061		12
8062		13
8063		12
8064		14
8065		12
8066		14
8067		11
8068		8
8069		12
8070		12
8071		8
8072		11
8073		12
8074		14
8075		16
8076		11
8077		11
8078		10
8079		11
8080		13
8081		13
8082		15
8083		11
8084		11
8085		11
8086		11
8087		8
8088		12
8089		7
8090		12
8091		15
8092		13
8093		14
8094		10
8095		10
8096		11
8097		14
8098		2
8099		12
8100		14
8101		10
8102		11
8103		12
8104		10
8105		13
8106		13
8107		13
8108		17
8109		14
8110		13
8111		16
8112		13
8113		19
8114		13
8115		11
8116		12
8117		12
8118		9
8119		12
8120		15
8121		11
8122		12
8123		15
8124		12
8125		11
8126		8
8127		7
8128		12
8129		13
8130		15
8131		13
8132		13
8133		13
8134		8
8135		15
8136		11
8137		14
8138		14
8139		15
8140		15
8141		12
8142		9
8143		14
8144		10
8145		12
8146		12
8147		10
8148		9
8149		11
8150		10
8151		12
8152		13
8153		12
8154		10
8155		10
8156		13
8157		11
8158		14
8159		10
8160		11
8161		14
8162		8
8163		11
8164		15
8165		12
8166		11
8167		12
8168		11
8169		13
8170		13
8171		9
8172		10
8173		11
8174		12
8175		10
8176		12
8177		8
8178		10
8179		12
8180		16
8181		13
8182		13
8183		9
8184		8
8185		9
8186		14
8187		12
8188		15
8189		14
8190		11
8191		13
8192		14
8193		13
8194		12
8195		8
8196		11
8197		9
8198		12
8199		13
8200		10
8201		14
8202		14
8203		12
8204		10
8205		14
8206		15
8207		10
8208		17
8209		10
8210		14
8211		1
8212		12
8213		12
8214		11
8215		13
8216		10
8217		13
8218		12
8219		13
8220		11
8221		14
8222		11
8223		12
8224		11
8225		11
8226		12
8227		13
8228		14
8229		12
8230		12
8231		15
8232		13
8233		17
8234		10
8235		9
8236		16
8237		13
8238		11
8239		10
8240		13
8241		12
8242		12
8243		9
8244		13
8245		17
8246		13
8247		14
8248		12
8249		12
8250		12
8251		14
8252		14
8253		15
8254		13
8255		11
8256		11
8257		10
8258		12
8259		14
8260		11
8261		13
8262		10
8263		13
8264		11
8265		10
8266		12
8267		13
8268		11
8269		10
8270		14
8271		4
8272		14
8273		13
8274		14
8275		14
8276		12
8277		13
8278		9
8279		16
8280		13
8281		12
8282		12
8283		12
8284		12
8285		12
8286		15
8287		14
8288		12
8289		15
8290		12
8291		11
8292		13
8293		11
8294		13
8295		8
8296		18
8297		13
8298		10
8299		12
8300		12
8301		12
8302		14
8303		12
8304		19
8305		13
8306		15
8307		12
8308		10
8309		11
8310		10
8311		14
8312		10
8313		12
8314		14
8315		13
8316		10
8317		9
8318		14
8319		12
8320		13
8321		12
8322		11
8323		13
8324		12
8325		7
8326		10
8327		10
8328		12
8329		10
8330		5
8331		11
8332		12
8333		10
8334		16
8335		12
8336		14
8337		11
8338		13
8339		10
8340		12
8341		10
8342		10
8343		11
8344		12
8345		11
8346		13
8347		13
8348		9
8349		13
8350		14
8351		13
8352		12
8353		13
8354		11
8355		12
8356		12
8357		12
8358		11
8359		12
8360		13
8361		12
8362		10
8363		12
8364		15
8365		15
8366		11
8367		11
8368		12
8369		14
8370		11
8371		16
8372		10
8373		10
8374		14
8375		11
8376		14
8377		9
8378		9
8379		6
8380		12
8381		10
8382		12
8383		12
8384		13
8385		14
8386		11
8387		6
8388		11
8389		13
8390		9
8391		10
8392		10
8393		12
8394		14
8395		15
8396		12
8397		13
8398		14
8399		14
8400		12
8401		10
8402		12
8403		9
8404		12
8405		11
8406		15
8407		14
8408		10
8409		11
8410		10
8411		13
8412		13
8413		12
8414		14
8415		12
8416		8
8417		9
8418		12
8419		15
8420		10
8421		9
8422		14
8423		9
8424		13
8425		11
8426		12
8427		15
8428		13
8429		9
8430		14
8431		13
8432		11
8433		13
8434		10
8435		13
8436		9
8437		12
8438		17
8439		13
8440		12
8441		16
8442		14
8443		13
8444		12
8445		12
8446		11
8447		17
8448		11
8449		13
8450		11
8451		14
8452		14
8453		13
8454		15
8455		12
8456		12
8457		10
8458		11
8459		11
8460		13
8461		12
8462		14
8463		13
8464		12
8465		11
8466		13
8467		8
8468		15
8469		15
8470		11
8471		12
8472		8
8473		7
8474		12
8475		15
8476		11
8477		10
8478		9
8479		14
8480		10
8481		10
8482		13
8483		14
8484		14
8485		14
8486		11
8487		12
8488		12
8489		14
8490		6
8491		13
8492		12
8493		14
8494		13
8495		11
8496		12
8497		13
8498		15
8499		11
8500		13
8501		7
8502		16
8503		8
8504		16
8505		12
8506		12
8507		16
8508		12
8509		7
8510		12
8511		12
8512		11
8513		9
8514		10
8515		13
8516		13
8517		10
8518		13
8519		8
8520		16
8521		14
8522		14
8523		10
8524		14
8525		11
8526		12
8527		9
8528		13
8529		7
8530		12
8531		7
8532		12
8533		11
8534		12
8535		17
8536		8
8537		13
8538		11
8539		14
8540		12
8541		14
8542		13
8543		10
8544		12
8545		13
8546		10
8547		7
8548		9
8549		13
8550		12
8551		14
8552		12
8553		15
8554		12
8555		12
8556		13
8557		14
8558		10
8559		14
8560		10
8561		15
8562		15
8563		11
8564		10
8565		9
8566		11
8567		11
8568		11
8569		9
8570		12
8571		10
8572		18
8573		8
8574		13
8575		11
8576		16
8577		14
8578		11
8579		13
8580		11
8581		13
8582		12
8583		15
8584		10
8585		12
8586		12
8587		10
8588		11
8589		17
8590		14
8591		15
8592		12
8593		9
8594		16
8595		12
8596		13
8597		12
8598		8
8599		12
8600		12
8601		12
8602		14
8603		10
8604		16
8605		12
8606		12
8607		9
8608		10
8609		11
8610		14
8611		8
8612		10
8613		13
8614		19
8615		12
8616		13
8617		15
8618		12
8619		13
8620		10
8621		13
8622		14
8623		10
8624		12
8625		12
8626		11
8627		13
8628		13
8629		8
8630		12
8631		16
8632		13
8633		12
8634		9
8635		14
8636		13
8637		13
8638		12
8639		10
8640		13
8641		13
8642		9
8643		15
8644		15
8645		6
8646		10
8647		13
8648		13
8649		12
8650		14
8651		11
8652		17
8653		14
8654		8
8655		14
8656		12
8657		11
8658		12
8659		15
8660		12
8661		10
8662		12
8663		17
8664		13
8665		11
8666		13
8667		11
8668		13
8669		13
8670		15
8671		11
8672		11
8673		14
8674		12
8675		12
8676		13
8677		9
8678		10
8679		16
8680		8
8681		11
8682		12
8683		11
8684		12
8685		14
8686		10
8687		12
8688		16
8689		12
8690		13
8691		14
8692		13
8693		14
8694		13
8695		10
8696		10
8697		13
8698		14
8699		13
8700		13
8701		12
8702		13
8703		9
8704		13
8705		11
8706		7
8707		17
8708		12
8709		11
8710		11
8711		11
8712		12
8713		14
8714		11
8715		12
8716		16
8717		10
8718		12
8719		13
8720		9
8721		12
8722		13
8723		10
8724		7
8725		13
8726		10
8727		13
8728		12
8729		12
8730		10
8731		11
8732		15
8733		11
8734		13
8735		11
8736		11
8737		11
8738		8
8739		11
8740		15
8741		10
8742		12
8743		13
8744		13
8745		12
8746		15
8747		11
8748		15
8749		12
8750		10
8751		11
8752		13
8753		11
8754		12
8755		14
8756		14
8757		13
8758		12
8759		12
8760		12
8761		10
8762		17
8763		16
8764		9
8765		11
8766		12
8767		13
8768		14
8769		11
8770		12
8771		12
8772		14
8773		15
8774		8
8775		10
8776		11
8777		12
8778		12
8779		13
8780		14
8781		12
8782		16
8783		14
8784		11
8785		10
8786		13
8787		12
8788		10
8789		13
8790		15
8791		9
8792		4
8793		12
8794		8
8795		15
8796		13
8797		9
8798		13
8799		12
8800		14
8801		12
8802		12
8803		15
8804		14
8805		11
8806		10
8807		15
8808		13
8809		14
8810		13
8811		13
8812		13
8813		9
8814		15
8815		13
8816		11
8817		10
8818		13
8819		12
8820		11
8821		11
8822		8
8823		7
8824		10
8825		11
8826		12
8827		13
8828		15
8829		12
8830		10
8831		12
8832		12
8833		7
8834		2
8835		9
8836		13
8837		11
8838		12
8839		11
8840		13
8841		14
8842		12
8843		11
8844		13
8845		15
8846		10
8847		13
8848		13
8849		16
8850		9
8851		14
8852		12
8853		9
8854		12
8855		11
8856		13
8857		12
8858		13
8859		11
8860		10
8861		12
8862		16
8863		14
8864		13
8865		12
8866		13
8867		10
8868		15
8869		12
8870		12
8871		14
8872		13
8873		11
8874		9
8875		8
8876		15
8877		10
8878		7
8879		12
8880		13
8881		15
8882		14
8883		8
8884		9
8885		13
8886		11
8887		15
8888		11
8889		13
8890		16
8891		13
8892		12
8893		11
8894		14
8895		10
8896		15
8897		13
8898		15
8899		13
8900		16
8901		14
8902		13
8903		14
8904		9
8905		15
8906		12
8907		11
8908		12
8909		14
8910		11
8911		14
8912		14
8913		8
8914		9
8915		10
8916		13
8917		13
8918		15
8919		14
8920		12
8921		12
8922		16
8923		9
8924		5
8925		10
8926		9
8927		13
8928		13
8929		10
8930		20
8931		13
8932		13
8933		13
8934		11
8935		9
8936		12
8937		12
8938		10
8939		12
8940		14
8941		13
8942		14
8943		12
8944		12
8945		13
8946		13
8947		14
8948		12
8949		10
8950		11
8951		13
8952		13
8953		12
8954		13
8955		12
8956		8
8957		13
8958		10
8959		10
8960		9
8961		6
8962		11
8963		10
8964		12
8965		13
8966		13
8967		11
8968		10
8969		11
8970		11
8971		14
8972		10
8973		17
8974		12
8975		13
8976		9
8977		10
8978		10
8979		14
8980		14
8981		10
8982		15
8983		11
8984		2
8985		11
8986		15
8987		14
8988		8
8989		14
8990		15
8991		12
8992		4
8993		16
8994		15
8995		12
8996		12
8997		6
8998		14
8999		15
9000		11
9001		15
9002		13
9003		11
9004		14
9005		15
9006		14
9007		12
9008		12
9009		11
9010		11
9011		11
9012		11
9013		7
9014		18
9015		12
9016		9
9017		11
9018		11
9019		15
9020		10
9021		14
9022		12
9023		14
9024		13
9025		11
9026		14
9027		13
9028		12
9029		10
9030		12
9031		8
9032		18
9033		9
9034		9
9035		13
9036		12
9037		10
9038		14
9039		10
9040		16
9041		10
9042		12
9043		13
9044		11
9045		15
9046		12
9047		11
9048		8
9049		12
9050		7
9051		11
9052		13
9053		12
9054		18
9055		12
9056		12
9057		10
9058		9
9059		13
9060		12
9061		7
9062		12
9063		10
9064		11
9065		11
9066		11
9067		13
9068		12
9069		14
9070		10
9071		14
9072		13
9073		14
9074		10
9075		12
9076		14
9077		15
9078		16
9079		13
9080		13
9081		10
9082		8
9083		12
9084		5
9085		17
9086		15
9087		13
9088		15
9089		14
9090		9
9091		8
9092		12
9093		14
9094		11
9095		13
9096		16
9097		15
9098		14
9099		12
9100		12
9101		10
9102		12
9103		14
9104		16
9105		9
9106		14
9107		11
9108		12
9109		13
9110		13
9111		12
9112		10
9113		13
9114		11
9115		13
9116		13
9117		12
9118		10
9119		14
9120		13
9121		17
9122		10
9123		15
9124		13
9125		9
9126		17
9127		13
9128		10
9129		14
9130		11
9131		12
9132		11
9133		11
9134		14
9135		13
9136		10
9137		16
9138		13
9139		13
9140		6
9141		11
9142		12
9143		12
9144		14
9145		8
9146		12
9147		13
9148		7
9149		12
9150		13
9151		17
9152		11
9153		12
9154		15
9155		9
9156		14
9157		13
9158		10
9159		13
9160		12
9161		9
9162		10
9163		7
9164		10
9165		13
9166		12
9167		15
9168		12
9169		13
9170		8
9171		8
9172		15
9173		10
9174		10
9175		12
9176		8
9177		14
9178		10
9179		9
9180		13
9181		8
9182		12
9183		13
9184		12
9185		14
9186		9
9187		4
9188		14
9189		9
9190		13
9191		15
9192		12
9193		14
9194		10
9195		9
9196		14
9197		12
9198		15
9199		15
9200		14
9201		13
9202		12
9203		13
9204		11
9205		12
9206		13
9207		15
9208		5
9209		11
9210		9
9211		11
9212		13
9213		13
9214		14
9215		12
9216		12
9217		14
9218		11
9219		13
9220		14
9221		14
9222		12
9223		12
9224		11
9225		13
9226		11
9227		13
9228		10
9229		10
9230		16
9231		11
9232		4
9233		10
9234		16
9235		11
9236		14
9237		11
9238		5
9239		12
9240		12
9241		9
9242		14
9243		13
9244		14
9245		9
9246		15
9247		14
9248		14
9249		14
9250		11
9251		14
9252		14
9253		14
9254		13
9255		11
9256		14
9257		11
9258		14
9259		13
9260		8
9261		15
9262		15
9263		13
9264		14
9265		13
9266		15
9267		13
9268		8
9269		15
9270		12
9271		14
9272		10
9273		12
9274		9
9275		12
9276		12
9277		8
9278		16
9279		12
9280		12
9281		12
9282		11
9283		13
9284		11
9285		8
9286		14
9287		14
9288		12
9289		13
9290		13
9291		11
9292		15
9293		15
9294		11
9295		14
9296		14
9297		13
9298		14
9299		12
9300		11
9301		14
9302		12
9303		14
9304		9
9305		10
9306		11
9307		10
9308		14
9309		15
9310		11
9311		12
9312		13
9313		13
9314		11
9315		11
9316		10
9317		10
9318		10
9319		12
9320		12
9321		11
9322		11
9323		11
9324		12
9325		15
9326		12
9327		10
9328		8
9329		12
9330		14
9331		14
9332		12
9333		13
9334		12
9335		12
9336		13
9337		15
9338		11
9339		13
9340		13
9341		14
9342		13
9343		11
9344		8
9345		17
9346		14
9347		11
9348		12
9349		15
9350		5
9351		10
9352		17
9353		16
9354		9
9355		12
9356		12
9357		11
9358		14
9359		13
9360		10
9361		9
9362		14
9363		14
9364		11
9365		13
9366		11
9367		14
9368		11
9369		11
9370		13
9371		14
9372		16
9373		12
9374		8
9375		12
9376		1
9377		13
9378		13
9379		13
9380		11
9381		13
9382		13
9383		11
9384		14
9385		12
9386		13
9387		12
9388		12
9389		11
9390		9
9391		12
9392		14
9393		10
9394		16
9395		12
9396		11
9397		17
9398		14
9399		8
9400		13
9401		11
9402		13
9403		13
9404		13
9405		16
9406		12
9407		10
9408		13
9409		10
9410		8
9411		10
9412		13
9413		10
9414		14
9415		11
9416		12
9417		10
9418		11
9419		10
9420		11
9421		15
9422		12
9423		12
9424		12
9425		8
9426		13
9427		12
9428		14
9429		13
9430		14
9431		13
9432		13
9433		15
9434		14
9435		12
9436		8
9437		15
9438		13
9439		14
9440		13
9441		12
9442		12
9443		12
9444		11
9445		14
9446		13
9447		15
9448		14
9449		16
9450		15
9451		16
9452		15
9453		10
9454		12
9455		9
9456		14
9457		9
9458		12
9459		16
9460		11
9461		9
9462		12
9463		8
9464		11
9465		12
9466		12
9467		15
9468		12
9469		7
9470		15
9471		12
9472		12
9473		12
9474		13
9475		11
9476		14
9477		9
9478		10
9479		13
9480		9
9481		13
9482		10
9483		14
9484		11
9485		10
9486		9
9487		12
9488		14
9489		14
9490		13
9491		10
9492		10
9493		11
9494		10
9495		10
9496		11
9497		12
9498		16
9499		14
9500		14
9501		14
9502		9
9503		11
9504		12
9505		11
9506		14
9507		11
9508		13
9509		11
9510		12
9511		12
9512		15
9513		15
9514		14
9515		16
9516		11
9517		14
9518		13
9519		15
9520		10
9521		10
9522		14
9523		11
9524		8
9525		13
9526		14
9527		6
9528		11
9529		10
9530		12
9531		11
9532		12
9533		8
9534		13
9535		9
9536		9
9537		9
9538		17
9539		18
9540		14
9541		10
9542		11
9543		13
9544		13
9545		6
9546		12
9547		9
9548		12
9549		13
9550		11
9551		11
9552		11
9553		13
9554		11
9555		10
9556		12
9557		12
9558		8
9559		15
9560		11
9561		12
9562		15
9563		14
9564		13
9565		12
9566		9
9567		11
9568		13
9569		9
9570		15
9571		13
9572		14
9573		11
9574		11
9575		11
9576		11
9577		11
9578		16
9579		6
9580		10
9581		10
9582		16
9583		9
9584		8
9585		15
9586		13
9587		10
9588		13
9589		12
9590		11
9591		10
9592		11
9593		14
9594		13
9595		11
9596		8
9597		14
9598		12
9599		13
9600		13
9601		12
9602		11
9603		14
9604		11
9605		10
9606		11
9607		19
9608		12
9609		14
9610		13
9611		12
9612		12
9613		7
9614		10
9615		12
9616		6
9617		13
9618		15
9619		14
9620		10
9621		14
9622		14
9623		12
9624		14
9625		12
9626		10
9627		13
9628		13
9629		13
9630		10
9631		14
9632		13
9633		16
9634		13
9635		12
9636		13
9637		11
9638		12
9639		11
9640		8
9641		8
9642		15
9643		14
9644		10
9645		7
9646		13
9647		10
9648		14
9649		8
9650		13
9651		10
9652		9
9653		17
9654		9
9655		13
9656		12
9657		10
9658		13
9659		9
9660		11
9661		14
9662		9
9663		13
9664		3
9665		13
9666		12
9667		10
9668		12
9669		14
9670		13
9671		11
9672		13
9673		11
9674		13
9675		14
9676		14
9677		8
9678		10
9679		9
9680		14
9681		15
9682		15
9683		13
9684		5
9685		11
9686		10
9687		10
9688		14
9689		10
9690		13
9691		13
9692		12
9693		15
9694		16
9695		13
9696		7
9697		12
9698		11
9699		12
9700		12
9701		14
9702		7
9703		13
9704		16
9705		11
9706		14
9707		11
9708		14
9709		12
9710		14
9711		12
9712		9
9713		7
9714		13
9715		10
9716		13
9717		12
9718		16
9719		12
9720		11
9721		16
9722		15
9723		12
9724		16
9725		17
9726		11
9727		10
9728		9
9729		13
9730		15
9731		12
9732		14
9733		8
9734		8
9735		14
9736		8
9737		14
9738		11
9739		14
9740		12
9741		12
9742		11
9743		11
9744		11
9745		12
9746		12
9747		13
9748		12
9749		12
9750		14
9751		11
9752		14
9753		14
9754		12
9755		13
9756		11
9757		9
9758		11
9759		7
9760		12
9761		11
9762		12
9763		12
9764		11
9765		12
9766		14
9767		11
9768		11
9769		13
9770		10
9771		9
9772		10
9773		12
9774		11
9775		15
9776		12
9777		14
9778		14
9779		10
9780		11
9781		16
9782		9
9783		13
9784		11
9785		9
9786		10
9787		11
9788		9
9789		15
9790		12
9791		11
9792		13
9793		13
9794		14
9795		11
9796		12
9797		13
9798		9
9799		13
9800		15
9801		11
9802		5
9803		12
9804		12
9805		14
9806		14
9807		14
9808		13
9809		12
9810		13
9811		13
9812		13
9813		12
9814		11
9815		9
9816		12
9817		12
9818		19
9819		15
9820		12
9821		10
9822		12
9823		13
9824		12
9825		12
9826		12
9827		13
9828		9
9829		12
9830		18
9831		12
9832		13
9833		10
9834		13
9835		11
9836		12
9837		12
9838		8
9839		13
9840		11
9841		14
9842		14
9843		11
9844		14
9845		13
9846		15
9847		14
9848		12
9849		12
9850		12
9851		12
9852		11
9853		11
9854		11
9855		16
9856		11
9857		11
9858		12
9859		12
9860		9
9861		9
9862		14
9863		12
9864		10
9865		13
9866		13
9867		13
9868		12
9869		14
9870		7
9871		12
9872		13
9873		4
9874		13
9875		12
9876		9
9877		11
9878		12
9879		13
9880		13
9881		13
9882		12
9883		10
9884		10
9885		11
9886		14
9887		10
9888		12
9889		15
9890		12
9891		10
9892		15
9893		13
9894		15
9895		8
9896		13
9897		14
9898		14
9899		12
9900		12
9901		13
9902		14
9903		12
9904		12
9905		11
9906		12
9907		13
9908		13
9909		13
9910		10
9911		14
9912		8
9913		12
9914		13
9915		13
9916		10
9917		8
9918		13
9919		13
9920		13
9921		10
9922		14
9923		13
9924		9
9925		11
9926		12
9927		12
9928		12
9929		19
9930		10
9931		10
9932		13
9933		13
9934		10
9935		10
9936		14
9937		9
9938		12
9939		11
9940		12
9941		13
9942		14
9943		13
9944		3
9945		11
9946		13
9947		13
9948		11
9949		13
9950		15
9951		16
9952		13
9953		7
9954		18
9955		7
9956		14
9957		14
9958		9
9959		15
9960		12
9961		13
9962		16
9963		11
9964		13
9965		13
9966		11
9967		12
9968		12
9969		9
9970		10
9971		13
9972		10
9973		14
9974		9
9975		15
9976		14
9977		13
9978		13
9979		14
9980		15
9981		11
9982		12
9983		12
9984		13
9985		14
9986		14
9987		11
9988		13
9989		12
9990		7
9991		13
9992		13
9993		13
9994		14
9995		12
9996		12
9997		11
9998		12
9999		11
