0		0
1		67
2		23
3		98
4		243
5		19
6		138
7		10
8		547
9		28
10		17
11		426
12		160
13		60
14		29
15		215
16		50
17		162
18		82
19		33
20		44
21		177
22		347
23		130
24		24
25		51
26		258
27		152
28		124
29		169
30		24
31		181
32		209
33		90
34		27
35		250
36		11
37		284
38		136
39		51
40		22
41		83
42		143
43		275
44		80
45		83
46		104
47		211
48		90
49		164
50		33
51		165
52		89
53		68
54		72
55		208
56		117
57		26
58		69
59		155
60		189
61		68
62		82
63		26
64		613
65		14
66		172
67		58
68		8
69		31
70		36
71		126
72		54
73		104
74		29
75		98
76		262
77		343
78		57
79		87
80		325
81		49
82		218
83		14
84		124
85		31
86		102
87		243
88		43
89		11
90		127
91		302
92		30
93		59
94		129
95		234
96		22
97		122
98		89
99		613
100		211
101		36
102		25
103		22
104		243
105		217
106		26
107		60
108		10
109		73
110		22
111		139
112		5
113		52
114		82
115		23
116		60
117		147
118		88
119		96
120		63
121		64
122		42
123		81
124		27
125		58
126		24
127		302
128		107
129		133
130		401
131		43
132		29
133		97
134		388
135		162
136		34
137		689
138		69
139		33
140		192
141		102
142		139
143		244
144		61
145		26
146		224
147		115
148		123
149		52
150		72
151		45
152		34
153		133
154		27
155		66
156		90
157		74
158		129
159		34
160		28
161		51
162		107
163		82
164		442
165		104
166		26
167		83
168		76
169		529
170		121
171		105
172		141
173		211
174		148
175		94
176		415
177		49
178		60
179		208
180		66
181		51
182		179
183		247
184		75
185		174
186		21
187		56
188		361
189		32
190		20
191		68
192		186
193		250
194		24
195		95
196		12
197		192
198		39
199		36
200		53
201		82
202		13
203		405
204		134
205		85
206		103
207		179
208		103
209		77
210		95
211		37
212		374
213		283
214		45
215		60
216		74
217		64
218		112
219		17
220		49
221		344
222		144
223		25
224		289
225		28
226		47
227		31
228		54
229		106
230		97
231		104
232		253
233		70
234		19
235		42
236		291
237		78
238		200
239		304
240		38
241		130
242		71
243		134
244		22
245		168
246		81
247		55
248		49
249		82
250		38
251		132
252		67
253		271
254		79
255		34
256		147
257		276
258		159
259		219
260		7
261		7
262		222
263		271
264		392
265		45
266		26
267		104
268		335
269		147
270		16
271		49
272		128
273		47
274		76
275		32
276		81
277		101
278		146
279		98
280		95
281		293
282		348
283		132
284		62
285		253
286		88
287		81
288		376
289		114
290		22
291		38
292		474
293		250
294		134
295		386
296		239
297		87
298		190
299		102
300		84
301		241
302		168
303		93
304		53
305		376
306		40
307		135
308		28
309		84
310		88
311		222
312		34
313		111
314		15
315		5
316		20
317		120
318		27
319		74
320		81
321		83
322		91
323		93
324		148
325		11
326		79
327		34
328		55
329		89
330		395
331		94
332		125
333		350
334		177
335		47
336		40
337		319
338		233
339		52
340		151
341		46
342		145
343		7
344		30
345		54
346		19
347		40
348		155
349		57
350		125
351		224
352		166
353		21
354		160
355		9
356		27
357		13
358		13
359		139
360		101
361		125
362		161
363		323
364		34
365		170
366		27
367		119
368		18
369		8
370		328
371		307
372		144
373		95
374		219
375		110
376		33
377		22
378		64
379		61
380		76
381		106
382		54
383		19
384		51
385		9
386		83
387		113
388		112
389		49
390		141
391		62
392		10
393		103
394		65
395		255
396		334
397		132
398		15
399		45
400		189
401		140
402		90
403		157
404		147
405		28
406		66
407		311
408		249
409		89
410		221
411		290
412		125
413		126
414		105
415		594
416		51
417		59
418		44
419		22
420		40
421		23
422		120
423		378
424		98
425		48
426		199
427		163
428		29
429		16
430		108
431		75
432		36
433		146
434		21
435		839
436		34
437		46
438		285
439		37
440		9
441		131
442		152
443		19
444		75
445		151
446		13
447		23
448		192
449		134
450		138
451		24
452		196
453		121
454		36
455		16
456		149
457		29
458		45
459		46
460		20
461		31
462		368
463		430
464		534
465		71
466		70
467		335
468		56
469		108
470		13
471		126
472		778
473		131
474		12
475		96
476		152
477		203
478		161
479		30
480		83
481		33
482		183
483		394
484		41
485		27
486		236
487		120
488		224
489		26
490		83
491		165
492		89
493		85
494		189
495		62
496		351
497		101
498		62
499		476
500		66
501		25
502		26
503		28
504		190
505		77
506		72
507		83
508		46
509		224
510		99
511		245
512		8
513		96
514		210
515		13
516		142
517		170
518		26
519		108
520		73
521		201
522		132
523		49
524		36
525		269
526		30
527		75
528		54
529		321
530		270
531		113
532		122
533		82
534		84
535		19
536		51
537		75
538		56
539		15
540		144
541		10
542		15
543		7
544		62
545		86
546		168
547		60
548		538
549		78
550		33
551		23
552		20
553		173
554		27
555		152
556		161
557		57
558		67
559		235
560		29
561		72
562		69
563		23
564		160
565		342
566		195
567		17
568		57
569		33
570		60
571		206
572		79
573		67
574		55
575		54
576		39
577		278
578		15
579		56
580		56
581		18
582		122
583		226
584		274
585		39
586		283
587		29
588		78
589		90
590		130
591		25
592		19
593		98
594		452
595		112
596		10
597		15
598		24
599		90
600		40
601		173
602		44
603		35
604		80
605		159
606		195
607		333
608		542
609		75
610		89
611		36
612		64
613		70
614		42
615		635
616		20
617		22
618		90
619		114
620		106
621		21
622		34
623		13
624		128
625		83
626		494
627		271
628		310
629		267
630		114
631		154
632		166
633		67
634		124
635		12
636		207
637		88
638		366
639		621
640		80
641		19
642		41
643		215
644		85
645		114
646		16
647		498
648		114
649		470
650		153
651		83
652		15
653		150
654		370
655		385
656		180
657		149
658		28
659		238
660		7
661		24
662		285
663		104
664		230
665		149
666		179
667		76
668		62
669		70
670		158
671		19
672		226
673		164
674		23
675		346
676		615
677		247
678		340
679		59
680		52
681		288
682		8
683		112
684		167
685		45
686		86
687		33
688		300
689		369
690		192
691		113
692		363
693		22
694		29
695		134
696		252
697		10
698		16
699		215
700		67
701		10
702		60
703		33
704		277
705		134
706		206
707		61
708		42
709		228
710		47
711		206
712		102
713		149
714		94
715		8
716		53
717		70
718		16
719		47
720		77
721		301
722		172
723		68
724		150
725		132
726		97
727		50
728		86
729		131
730		418
731		218
732		102
733		68
734		218
735		56
736		331
737		64
738		143
739		130
740		119
741		84
742		43
743		95
744		243
745		91
746		285
747		71
748		32
749		96
750		342
751		28
752		145
753		304
754		119
755		38
756		34
757		28
758		67
759		92
760		16
761		261
762		90
763		37
764		74
765		52
766		133
767		61
768		241
769		45
770		29
771		133
772		27
773		6
774		30
775		23
776		34
777		13
778		309
779		221
780		105
781		44
782		294
783		49
784		436
785		216
786		236
787		16
788		49
789		274
790		23
791		308
792		77
793		53
794		20
795		14
796		220
797		19
798		682
799		34
800		23
801		293
802		81
803		233
804		170
805		232
806		24
807		210
808		35
809		41
810		18
811		137
812		32
813		90
814		76
815		315
816		15
817		137
818		53
819		50
820		13
821		28
822		1
823		63
824		120
825		150
826		23
827		173
828		114
829		342
830		7
831		20
832		289
833		37
834		290
835		89
836		600
837		93
838		68
839		39
840		247
841		37
842		15
843		69
844		48
845		261
846		244
847		150
848		53
849		37
850		89
851		120
852		116
853		30
854		5
855		73
856		170
857		82
858		135
859		146
860		25
861		39
862		19
863		66
864		11
865		34
866		222
867		48
868		75
869		382
870		94
871		53
872		16
873		167
874		39
875		143
876		181
877		183
878		19
879		170
880		13
881		352
882		164
883		80
884		34
885		328
886		38
887		94
888		184
889		10
890		17
891		19
892		63
893		277
894		15
895		97
896		20
897		68
898		242
899		67
900		367
901		92
902		62
903		150
904		23
905		188
906		24
907		40
908		246
909		215
910		143
911		55
912		16
913		433
914		87
915		206
916		139
917		63
918		24
919		207
920		19
921		131
922		187
923		16
924		214
925		47
926		105
927		68
928		21
929		55
930		32
931		188
932		164
933		1
934		163
935		124
936		86
937		145
938		88
939		25
940		128
941		101
942		16
943		57
944		19
945		76
946		362
947		6
948		267
949		254
950		44
951		49
952		183
953		87
954		559
955		89
956		109
957		427
958		71
959		166
960		101
961		88
962		139
963		281
964		18
965		104
966		207
967		375
968		326
969		32
970		186
971		129
972		47
973		24
974		25
975		81
976		75
977		219
978		84
979		493
980		69
981		35
982		27
983		16
984		41
985		355
986		126
987		57
988		54
989		147
990		34
991		34
992		38
993		39
994		149
995		151
996		46
997		26
998		50
999		31
1000		80
1001		12
1002		63
1003		185
1004		38
1005		35
1006		366
1007		29
1008		64
1009		130
1010		20
1011		92
1012		23
1013		139
1014		99
1015		283
1016		32
1017		157
1018		66
1019		293
1020		53
1021		62
1022		89
1023		102
1024		132
1025		16
1026		31
1027		10
1028		29
1029		34
1030		27
1031		78
1032		164
1033		67
1034		13
1035		282
1036		66
1037		180
1038		18
1039		44
1040		182
1041		75
1042		169
1043		31
1044		24
1045		194
1046		51
1047		346
1048		19
1049		16
1050		120
1051		50
1052		176
1053		100
1054		105
1055		89
1056		27
1057		27
1058		28
1059		139
1060		40
1061		231
1062		270
1063		105
1064		206
1065		155
1066		18
1067		250
1068		111
1069		215
1070		26
1071		23
1072		14
1073		75
1074		214
1075		30
1076		101
1077		145
1078		22
1079		17
1080		87
1081		60
1082		41
1083		126
1084		265
1085		75
1086		55
1087		268
1088		535
1089		143
1090		70
1091		116
1092		248
1093		70
1094		103
1095		64
1096		19
1097		437
1098		215
1099		114
1100		56
1101		86
1102		93
1103		181
1104		217
1105		328
1106		53
1107		286
1108		106
1109		97
1110		50
1111		209
1112		25
1113		492
1114		256
1115		50
1116		35
1117		27
1118		60
1119		159
1120		221
1121		27
1122		43
1123		54
1124		136
1125		26
1126		15
1127		55
1128		31
1129		46
1130		202
1131		49
1132		170
1133		26
1134		62
1135		191
1136		58
1137		63
1138		30
1139		69
1140		48
1141		33
1142		48
1143		119
1144		13
1145		104
1146		34
1147		203
1148		59
1149		95
1150		176
1151		207
1152		130
1153		9
1154		238
1155		92
1156		110
1157		135
1158		14
1159		281
1160		31
1161		24
1162		133
1163		46
1164		16
1165		241
1166		80
1167		280
1168		141
1169		26
1170		24
1171		54
1172		33
1173		46
1174		169
1175		96
1176		35
1177		125
1178		285
1179		24
1180		51
1181		76
1182		57
1183		79
1184		224
1185		97
1186		91
1187		82
1188		117
1189		213
1190		10
1191		238
1192		334
1193		222
1194		12
1195		53
1196		12
1197		45
1198		222
1199		533
1200		60
1201		73
1202		198
1203		23
1204		95
1205		58
1206		14
1207		41
1208		26
1209		76
1210		7
1211		272
1212		36
1213		44
1214		29
1215		196
1216		409
1217		38
1218		69
1219		492
1220		31
1221		15
1222		34
1223		319
1224		242
1225		61
1226		180
1227		20
1228		285
1229		156
1230		142
1231		303
1232		36
1233		272
1234		44
1235		774
1236		128
1237		258
1238		8
1239		49
1240		472
1241		22
1242		112
1243		34
1244		26
1245		86
1246		179
1247		18
1248		28
1249		76
1250		9
1251		68
1252		19
1253		29
1254		56
1255		50
1256		113
1257		8
1258		140
1259		81
1260		172
1261		11
1262		335
1263		71
1264		121
1265		910
1266		188
1267		160
1268		99
1269		45
1270		302
1271		8
1272		74
1273		98
1274		85
1275		25
1276		55
1277		53
1278		21
1279		314
1280		56
1281		49
1282		148
1283		106
1284		96
1285		37
1286		11
1287		48
1288		34
1289		102
1290		120
1291		217
1292		192
1293		49
1294		43
1295		11
1296		242
1297		182
1298		230
1299		241
1300		71
1301		52
1302		100
1303		127
1304		215
1305		13
1306		64
1307		135
1308		101
1309		127
1310		61
1311		39
1312		56
1313		32
1314		119
1315		44
1316		35
1317		21
1318		38
1319		351
1320		8
1321		163
1322		76
1323		86
1324		37
1325		151
1326		103
1327		10
1328		81
1329		26
1330		20
1331		116
1332		255
1333		134
1334		33
1335		17
1336		110
1337		105
1338		225
1339		86
1340		40
1341		239
1342		81
1343		24
1344		229
1345		180
1346		118
1347		178
1348		419
1349		314
1350		17
1351		222
1352		179
1353		129
1354		72
1355		46
1356		125
1357		72
1358		57
1359		102
1360		25
1361		56
1362		63
1363		120
1364		291
1365		155
1366		424
1367		347
1368		105
1369		104
1370		15
1371		17
1372		27
1373		29
1374		34
1375		158
1376		219
1377		65
1378		194
1379		131
1380		81
1381		290
1382		202
1383		164
1384		186
1385		89
1386		121
1387		87
1388		86
1389		12
1390		44
1391		155
1392		165
1393		18
1394		62
1395		26
1396		67
1397		24
1398		310
1399		258
1400		18
1401		56
1402		131
1403		24
1404		313
1405		78
1406		129
1407		46
1408		38
1409		7
1410		61
1411		68
1412		97
1413		57
1414		71
1415		203
1416		104
1417		91
1418		49
1419		30
1420		17
1421		13
1422		56
1423		25
1424		21
1425		46
1426		27
1427		91
1428		25
1429		10
1430		63
1431		155
1432		146
1433		127
1434		263
1435		68
1436		56
1437		91
1438		83
1439		213
1440		23
1441		164
1442		81
1443		33
1444		190
1445		176
1446		113
1447		13
1448		137
1449		306
1450		37
1451		215
1452		180
1453		55
1454		461
1455		89
1456		117
1457		520
1458		85
1459		39
1460		33
1461		9
1462		46
1463		119
1464		37
1465		18
1466		84
1467		16
1468		135
1469		153
1470		2
1471		25
1472		187
1473		61
1474		204
1475		131
1476		87
1477		35
1478		127
1479		63
1480		47
1481		98
1482		49
1483		27
1484		412
1485		222
1486		73
1487		69
1488		116
1489		235
1490		354
1491		29
1492		83
1493		100
1494		54
1495		166
1496		12
1497		114
1498		159
1499		98
1500		56
1501		23
1502		373
1503		96
1504		14
1505		411
1506		207
1507		22
1508		263
1509		159
1510		47
1511		197
1512		20
1513		298
1514		360
1515		229
1516		74
1517		45
1518		186
1519		82
1520		94
1521		35
1522		88
1523		38
1524		226
1525		20
1526		35
1527		274
1528		28
1529		86
1530		91
1531		207
1532		7
1533		31
1534		23
1535		87
1536		30
1537		252
1538		26
1539		69
1540		92
1541		19
1542		598
1543		37
1544		89
1545		50
1546		117
1547		26
1548		21
1549		90
1550		48
1551		599
1552		29
1553		70
1554		115
1555		516
1556		272
1557		54
1558		20
1559		128
1560		53
1561		48
1562		165
1563		10
1564		80
1565		218
1566		24
1567		13
1568		46
1569		127
1570		34
1571		81
1572		57
1573		336
1574		80
1575		184
1576		306
1577		70
1578		308
1579		10
1580		202
1581		22
1582		120
1583		189
1584		337
1585		13
1586		19
1587		713
1588		61
1589		83
1590		182
1591		19
1592		10
1593		5
1594		15
1595		370
1596		6
1597		147
1598		110
1599		206
1600		81
1601		20
1602		30
1603		203
1604		41
1605		72
1606		61
1607		157
1608		28
1609		170
1610		83
1611		157
1612		213
1613		22
1614		182
1615		128
1616		29
1617		13
1618		23
1619		33
1620		26
1621		17
1622		112
1623		240
1624		525
1625		55
1626		136
1627		406
1628		389
1629		70
1630		11
1631		5
1632		111
1633		305
1634		136
1635		101
1636		46
1637		59
1638		61
1639		30
1640		87
1641		260
1642		407
1643		164
1644		608
1645		335
1646		87
1647		217
1648		11
1649		216
1650		87
1651		136
1652		598
1653		36
1654		69
1655		134
1656		81
1657		132
1658		73
1659		20
1660		47
1661		21
1662		25
1663		420
1664		285
1665		83
1666		261
1667		73
1668		47
1669		61
1670		145
1671		163
1672		69
1673		203
1674		245
1675		54
1676		137
1677		22
1678		180
1679		37
1680		179
1681		229
1682		56
1683		45
1684		119
1685		149
1686		4
1687		55
1688		150
1689		208
1690		31
1691		255
1692		73
1693		83
1694		78
1695		287
1696		73
1697		251
1698		119
1699		226
1700		13
1701		369
1702		149
1703		113
1704		636
1705		264
1706		236
1707		20
1708		149
1709		70
1710		94
1711		147
1712		99
1713		271
1714		14
1715		40
1716		72
1717		103
1718		81
1719		103
1720		44
1721		20
1722		79
1723		38
1724		101
1725		163
1726		64
1727		371
1728		24
1729		30
1730		39
1731		71
1732		135
1733		10
1734		105
1735		31
1736		67
1737		61
1738		29
1739		41
1740		79
1741		528
1742		63
1743		27
1744		45
1745		376
1746		323
1747		230
1748		44
1749		198
1750		49
1751		115
1752		121
1753		15
1754		76
1755		340
1756		103
1757		37
1758		143
1759		160
1760		88
1761		20
1762		162
1763		19
1764		57
1765		69
1766		140
1767		167
1768		191
1769		5
1770		80
1771		96
1772		230
1773		44
1774		415
1775		41
1776		38
1777		379
1778		15
1779		255
1780		339
1781		279
1782		81
1783		81
1784		24
1785		37
1786		255
1787		19
1788		59
1789		66
1790		17
1791		94
1792		144
1793		118
1794		41
1795		219
1796		39
1797		96
1798		154
1799		177
1800		376
1801		35
1802		115
1803		151
1804		254
1805		16
1806		24
1807		110
1808		75
1809		60
1810		445
1811		222
1812		123
1813		71
1814		96
1815		131
1816		89
1817		89
1818		79
1819		112
1820		73
1821		128
1822		291
1823		51
1824		112
1825		27
1826		170
1827		44
1828		69
1829		77
1830		84
1831		33
1832		32
1833		221
1834		89
1835		616
1836		151
1837		68
1838		44
1839		145
1840		10
1841		56
1842		43
1843		363
1844		12
1845		248
1846		102
1847		180
1848		18
1849		64
1850		309
1851		8
1852		16
1853		9
1854		32
1855		194
1856		80
1857		49
1858		297
1859		52
1860		51
1861		223
1862		295
1863		165
1864		104
1865		26
1866		33
1867		120
1868		50
1869		81
1870		108
1871		187
1872		147
1873		617
1874		221
1875		13
1876		38
1877		11
1878		29
1879		148
1880		195
1881		45
1882		177
1883		327
1884		16
1885		22
1886		117
1887		105
1888		54
1889		251
1890		237
1891		265
1892		20
1893		132
1894		41
1895		80
1896		77
1897		457
1898		64
1899		243
1900		20
1901		7
1902		61
1903		6
1904		122
1905		62
1906		133
1907		296
1908		103
1909		21
1910		127
1911		61
1912		81
1913		24
1914		46
1915		89
1916		24
1917		8
1918		433
1919		15
1920		145
1921		223
1922		442
1923		131
1924		103
1925		56
1926		214
1927		36
1928		12
1929		102
1930		3
1931		28
1932		80
1933		33
1934		416
1935		100
1936		174
1937		10
1938		205
1939		224
1940		126
1941		230
1942		40
1943		57
1944		199
1945		168
1946		322
1947		130
1948		105
1949		48
1950		68
1951		78
1952		157
1953		41
1954		31
1955		18
1956		27
1957		235
1958		121
1959		141
1960		82
1961		32
1962		72
1963		30
1964		73
1965		171
1966		146
1967		33
1968		155
1969		17
1970		64
1971		19
1972		171
1973		194
1974		172
1975		76
1976		93
1977		162
1978		125
1979		118
1980		73
1981		569
1982		33
1983		67
1984		73
1985		10
1986		59
1987		165
1988		134
1989		39
1990		45
1991		73
1992		141
1993		108
1994		87
1995		266
1996		22
1997		115
1998		430
1999		302
2000		128
2001		208
2002		320
2003		236
2004		272
2005		12
2006		73
2007		40
2008		41
2009		34
2010		123
2011		202
2012		12
2013		296
2014		34
2015		14
2016		93
2017		66
2018		157
2019		361
2020		234
2021		58
2022		266
2023		51
2024		283
2025		168
2026		119
2027		152
2028		90
2029		17
2030		299
2031		149
2032		265
2033		67
2034		101
2035		122
2036		429
2037		50
2038		258
2039		418
2040		70
2041		50
2042		47
2043		71
2044		24
2045		65
2046		16
2047		26
2048		374
2049		272
2050		169
2051		346
2052		18
2053		487
2054		49
2055		56
2056		132
2057		35
2058		112
2059		145
2060		88
2061		260
2062		17
2063		180
2064		98
2065		258
2066		36
2067		16
2068		44
2069		75
2070		51
2071		10
2072		15
2073		37
2074		264
2075		190
2076		74
2077		38
2078		15
2079		229
2080		46
2081		121
2082		43
2083		71
2084		33
2085		231
2086		86
2087		68
2088		103
2089		31
2090		9
2091		406
2092		45
2093		201
2094		660
2095		68
2096		49
2097		19
2098		37
2099		143
2100		155
2101		70
2102		173
2103		78
2104		33
2105		89
2106		64
2107		55
2108		14
2109		35
2110		56
2111		20
2112		133
2113		11
2114		42
2115		165
2116		114
2117		115
2118		476
2119		58
2120		168
2121		86
2122		36
2123		30
2124		215
2125		90
2126		191
2127		32
2128		80
2129		38
2130		135
2131		38
2132		176
2133		80
2134		15
2135		95
2136		95
2137		229
2138		85
2139		19
2140		34
2141		129
2142		205
2143		142
2144		25
2145		50
2146		201
2147		106
2148		174
2149		204
2150		76
2151		11
2152		13
2153		509
2154		98
2155		15
2156		24
2157		46
2158		11
2159		76
2160		91
2161		91
2162		73
2163		10
2164		51
2165		58
2166		162
2167		114
2168		144
2169		53
2170		125
2171		213
2172		93
2173		158
2174		484
2175		35
2176		33
2177		363
2178		43
2179		43
2180		149
2181		127
2182		54
2183		169
2184		81
2185		81
2186		29
2187		101
2188		16
2189		43
2190		135
2191		125
2192		123
2193		26
2194		230
2195		112
2196		35
2197		8
2198		343
2199		66
2200		259
2201		364
2202		19
2203		61
2204		9
2205		41
2206		263
2207		16
2208		158
2209		279
2210		134
2211		313
2212		352
2213		28
2214		120
2215		175
2216		63
2217		134
2218		8
2219		10
2220		357
2221		15
2222		92
2223		137
2224		88
2225		82
2226		48
2227		119
2228		301
2229		282
2230		72
2231		16
2232		11
2233		349
2234		63
2235		88
2236		85
2237		9
2238		73
2239		71
2240		206
2241		13
2242		6
2243		143
2244		33
2245		303
2246		264
2247		37
2248		104
2249		15
2250		189
2251		391
2252		125
2253		60
2254		127
2255		33
2256		214
2257		193
2258		142
2259		26
2260		44
2261		170
2262		24
2263		139
2264		401
2265		110
2266		115
2267		36
2268		98
2269		212
2270		44
2271		174
2272		76
2273		10
2274		106
2275		141
2276		64
2277		72
2278		21
2279		76
2280		16
2281		81
2282		74
2283		7
2284		97
2285		56
2286		109
2287		51
2288		156
2289		21
2290		40
2291		61
2292		105
2293		103
2294		116
2295		160
2296		291
2297		17
2298		80
2299		117
2300		34
2301		173
2302		89
2303		327
2304		40
2305		34
2306		211
2307		168
2308		98
2309		29
2310		97
2311		106
2312		200
2313		153
2314		26
2315		11
2316		56
2317		236
2318		23
2319		87
2320		67
2321		168
2322		80
2323		59
2324		100
2325		241
2326		192
2327		131
2328		226
2329		88
2330		161
2331		175
2332		68
2333		46
2334		13
2335		205
2336		63
2337		254
2338		285
2339		8
2340		52
2341		182
2342		53
2343		175
2344		48
2345		21
2346		289
2347		36
2348		374
2349		101
2350		166
2351		214
2352		33
2353		35
2354		128
2355		74
2356		293
2357		121
2358		80
2359		34
2360		21
2361		164
2362		647
2363		56
2364		93
2365		70
2366		78
2367		59
2368		44
2369		50
2370		318
2371		140
2372		207
2373		334
2374		57
2375		15
2376		66
2377		144
2378		66
2379		524
2380		228
2381		72
2382		5
2383		119
2384		146
2385		105
2386		414
2387		111
2388		282
2389		181
2390		135
2391		25
2392		81
2393		36
2394		281
2395		44
2396		133
2397		51
2398		230
2399		367
2400		38
2401		233
2402		7
2403		50
2404		80
2405		27
2406		24
2407		99
2408		25
2409		64
2410		74
2411		38
2412		24
2413		92
2414		104
2415		34
2416		176
2417		64
2418		339
2419		115
2420		284
2421		34
2422		266
2423		29
2424		131
2425		122
2426		8
2427		37
2428		411
2429		279
2430		228
2431		165
2432		62
2433		47
2434		347
2435		92
2436		61
2437		211
2438		162
2439		328
2440		17
2441		207
2442		27
2443		58
2444		49
2445		412
2446		293
2447		185
2448		236
2449		198
2450		36
2451		167
2452		69
2453		78
2454		66
2455		177
2456		30
2457		84
2458		39
2459		229
2460		141
2461		224
2462		215
2463		162
2464		29
2465		83
2466		7
2467		227
2468		33
2469		206
2470		244
2471		341
2472		187
2473		71
2474		89
2475		11
2476		91
2477		51
2478		47
2479		116
2480		145
2481		48
2482		38
2483		109
2484		67
2485		125
2486		56
2487		253
2488		30
2489		328
2490		13
2491		202
2492		97
2493		65
2494		25
2495		29
2496		149
2497		54
2498		95
2499		398
2500		61
2501		339
2502		176
2503		24
2504		74
2505		69
2506		84
2507		179
2508		138
2509		107
2510		139
2511		229
2512		79
2513		370
2514		132
2515		151
2516		24
2517		164
2518		522
2519		59
2520		51
2521		67
2522		92
2523		43
2524		65
2525		33
2526		32
2527		330
2528		134
2529		192
2530		110
2531		489
2532		64
2533		179
2534		105
2535		43
2536		70
2537		6
2538		18
2539		203
2540		44
2541		265
2542		149
2543		251
2544		112
2545		130
2546		184
2547		55
2548		99
2549		214
2550		201
2551		31
2552		45
2553		7
2554		9
2555		27
2556		363
2557		34
2558		48
2559		469
2560		417
2561		9
2562		239
2563		58
2564		17
2565		145
2566		51
2567		60
2568		196
2569		156
2570		79
2571		273
2572		241
2573		369
2574		129
2575		34
2576		239
2577		155
2578		25
2579		130
2580		91
2581		359
2582		232
2583		133
2584		187
2585		153
2586		139
2587		35
2588		143
2589		54
2590		9
2591		9
2592		94
2593		121
2594		107
2595		141
2596		77
2597		656
2598		79
2599		216
2600		134
2601		37
2602		257
2603		54
2604		88
2605		15
2606		339
2607		41
2608		81
2609		53
2610		68
2611		335
2612		351
2613		18
2614		54
2615		79
2616		133
2617		45
2618		32
2619		127
2620		83
2621		290
2622		9
2623		197
2624		66
2625		90
2626		242
2627		26
2628		11
2629		34
2630		118
2631		87
2632		74
2633		157
2634		726
2635		313
2636		91
2637		29
2638		65
2639		77
2640		272
2641		154
2642		291
2643		169
2644		83
2645		101
2646		35
2647		73
2648		68
2649		77
2650		256
2651		274
2652		63
2653		162
2654		117
2655		159
2656		92
2657		104
2658		450
2659		35
2660		201
2661		77
2662		116
2663		192
2664		77
2665		177
2666		89
2667		59
2668		179
2669		26
2670		202
2671		95
2672		11
2673		201
2674		192
2675		82
2676		83
2677		19
2678		76
2679		553
2680		37
2681		13
2682		29
2683		101
2684		96
2685		87
2686		115
2687		56
2688		71
2689		215
2690		39
2691		209
2692		73
2693		28
2694		8
2695		156
2696		37
2697		29
2698		365
2699		25
2700		58
2701		357
2702		183
2703		83
2704		44
2705		133
2706		80
2707		16
2708		27
2709		27
2710		160
2711		40
2712		100
2713		131
2714		70
2715		431
2716		85
2717		207
2718		80
2719		103
2720		10
2721		139
2722		10
2723		12
2724		18
2725		159
2726		121
2727		27
2728		451
2729		16
2730		155
2731		34
2732		127
2733		103
2734		128
2735		77
2736		111
2737		239
2738		21
2739		54
2740		71
2741		298
2742		104
2743		83
2744		51
2745		20
2746		84
2747		10
2748		119
2749		130
2750		75
2751		121
2752		48
2753		373
2754		48
2755		100
2756		26
2757		38
2758		72
2759		444
2760		60
2761		11
2762		79
2763		94
2764		8
2765		37
2766		220
2767		81
2768		127
2769		36
2770		343
2771		144
2772		206
2773		27
2774		53
2775		45
2776		80
2777		80
2778		195
2779		215
2780		256
2781		19
2782		126
2783		58
2784		66
2785		46
2786		84
2787		93
2788		109
2789		406
2790		246
2791		263
2792		68
2793		78
2794		386
2795		233
2796		76
2797		87
2798		62
2799		54
2800		100
2801		8
2802		375
2803		40
2804		55
2805		85
2806		268
2807		86
2808		48
2809		47
2810		81
2811		63
2812		69
2813		9
2814		12
2815		333
2816		28
2817		12
2818		398
2819		45
2820		31
2821		137
2822		604
2823		712
2824		77
2825		114
2826		50
2827		246
2828		85
2829		500
2830		29
2831		121
2832		190
2833		110
2834		115
2835		21
2836		11
2837		52
2838		78
2839		297
2840		90
2841		65
2842		37
2843		6
2844		267
2845		65
2846		161
2847		149
2848		260
2849		54
2850		164
2851		9
2852		155
2853		40
2854		141
2855		60
2856		200
2857		17
2858		177
2859		196
2860		368
2861		39
2862		98
2863		144
2864		104
2865		21
2866		31
2867		503
2868		39
2869		133
2870		110
2871		12
2872		133
2873		56
2874		161
2875		129
2876		15
2877		247
2878		87
2879		97
2880		103
2881		137
2882		194
2883		77
2884		265
2885		87
2886		41
2887		412
2888		33
2889		41
2890		20
2891		58
2892		199
2893		7
2894		77
2895		24
2896		149
2897		86
2898		174
2899		103
2900		259
2901		110
2902		193
2903		262
2904		151
2905		24
2906		53
2907		72
2908		68
2909		250
2910		92
2911		152
2912		249
2913		32
2914		159
2915		28
2916		103
2917		154
2918		60
2919		23
2920		88
2921		123
2922		92
2923		66
2924		37
2925		84
2926		255
2927		179
2928		108
2929		137
2930		143
2931		140
2932		17
2933		17
2934		97
2935		61
2936		43
2937		9
2938		90
2939		31
2940		56
2941		41
2942		57
2943		111
2944		132
2945		20
2946		11
2947		215
2948		257
2949		176
2950		75
2951		857
2952		35
2953		15
2954		36
2955		86
2956		153
2957		64
2958		283
2959		27
2960		41
2961		243
2962		107
2963		139
2964		169
2965		61
2966		18
2967		141
2968		507
2969		270
2970		16
2971		234
2972		10
2973		36
2974		46
2975		205
2976		62
2977		179
2978		132
2979		81
2980		98
2981		222
2982		119
2983		58
2984		326
2985		196
2986		29
2987		75
2988		12
2989		147
2990		187
2991		94
2992		156
2993		61
2994		122
2995		54
2996		113
2997		26
2998		52
2999		96
3000		284
3001		503
3002		68
3003		781
3004		163
3005		43
3006		144
3007		51
3008		16
3009		24
3010		54
3011		115
3012		34
3013		72
3014		277
3015		86
3016		36
3017		231
3018		13
3019		227
3020		152
3021		305
3022		245
3023		88
3024		42
3025		18
3026		90
3027		12
3028		46
3029		77
3030		21
3031		222
3032		7
3033		39
3034		26
3035		43
3036		28
3037		51
3038		24
3039		457
3040		149
3041		150
3042		128
3043		124
3044		6
3045		12
3046		16
3047		168
3048		187
3049		140
3050		41
3051		630
3052		25
3053		33
3054		83
3055		86
3056		80
3057		77
3058		105
3059		30
3060		44
3061		185
3062		64
3063		130
3064		47
3065		35
3066		69
3067		143
3068		77
3069		107
3070		140
3071		107
3072		79
3073		18
3074		113
3075		94
3076		301
3077		197
3078		139
3079		143
3080		144
3081		61
3082		283
3083		141
3084		27
3085		32
3086		224
3087		102
3088		7
3089		395
3090		164
3091		26
3092		119
3093		333
3094		36
3095		110
3096		34
3097		142
3098		185
3099		256
3100		259
3101		63
3102		63
3103		30
3104		119
3105		101
3106		145
3107		68
3108		51
3109		156
3110		70
3111		196
3112		22
3113		88
3114		220
3115		14
3116		97
3117		60
3118		27
3119		107
3120		72
3121		29
3122		170
3123		25
3124		184
3125		78
3126		28
3127		336
3128		474
3129		9
3130		81
3131		241
3132		58
3133		143
3134		22
3135		85
3136		34
3137		121
3138		34
3139		158
3140		197
3141		140
3142		105
3143		98
3144		311
3145		36
3146		58
3147		216
3148		147
3149		83
3150		63
3151		46
3152		404
3153		48
3154		655
3155		22
3156		255
3157		308
3158		83
3159		68
3160		109
3161		59
3162		10
3163		56
3164		51
3165		19
3166		17
3167		39
3168		15
3169		113
3170		69
3171		437
3172		96
3173		116
3174		58
3175		97
3176		186
3177		75
3178		47
3179		110
3180		230
3181		88
3182		171
3183		36
3184		600
3185		182
3186		163
3187		240
3188		51
3189		518
3190		57
3191		204
3192		286
3193		199
3194		55
3195		11
3196		71
3197		121
3198		235
3199		20
3200		149
3201		51
3202		224
3203		226
3204		7
3205		292
3206		134
3207		69
3208		46
3209		154
3210		108
3211		109
3212		219
3213		156
3214		84
3215		79
3216		124
3217		259
3218		52
3219		45
3220		80
3221		192
3222		67
3223		211
3224		24
3225		203
3226		125
3227		133
3228		475
3229		56
3230		118
3231		26
3232		19
3233		35
3234		45
3235		11
3236		215
3237		90
3238		496
3239		310
3240		181
3241		140
3242		172
3243		7
3244		440
3245		58
3246		62
3247		114
3248		180
3249		16
3250		26
3251		16
3252		129
3253		452
3254		107
3255		287
3256		68
3257		75
3258		162
3259		25
3260		80
3261		31
3262		70
3263		17
3264		32
3265		511
3266		51
3267		160
3268		74
3269		85
3270		84
3271		10
3272		108
3273		105
3274		27
3275		50
3276		46
3277		119
3278		286
3279		25
3280		41
3281		118
3282		201
3283		18
3284		22
3285		90
3286		218
3287		53
3288		220
3289		374
3290		61
3291		119
3292		139
3293		63
3294		16
3295		36
3296		259
3297		12
3298		230
3299		2
3300		153
3301		17
3302		128
3303		86
3304		23
3305		20
3306		309
3307		139
3308		40
3309		26
3310		79
3311		348
3312		66
3313		179
3314		38
3315		131
3316		255
3317		26
3318		11
3319		127
3320		111
3321		7
3322		131
3323		21
3324		65
3325		73
3326		212
3327		149
3328		92
3329		188
3330		267
3331		323
3332		207
3333		32
3334		35
3335		140
3336		235
3337		302
3338		76
3339		18
3340		74
3341		304
3342		26
3343		41
3344		93
3345		29
3346		73
3347		139
3348		471
3349		491
3350		409
3351		39
3352		65
3353		38
3354		189
3355		25
3356		161
3357		62
3358		171
3359		53
3360		97
3361		124
3362		141
3363		27
3364		48
3365		271
3366		96
3367		222
3368		121
3369		96
3370		172
3371		57
3372		54
3373		68
3374		193
3375		21
3376		189
3377		39
3378		252
3379		65
3380		38
3381		99
3382		76
3383		191
3384		243
3385		67
3386		263
3387		40
3388		33
3389		77
3390		132
3391		382
3392		118
3393		260
3394		39
3395		46
3396		353
3397		152
3398		73
3399		71
3400		202
3401		45
3402		81
3403		72
3404		71
3405		56
3406		27
3407		85
3408		142
3409		166
3410		190
3411		11
3412		256
3413		170
3414		98
3415		156
3416		183
3417		317
3418		103
3419		35
3420		74
3421		129
3422		39
3423		28
3424		132
3425		31
3426		203
3427		53
3428		137
3429		10
3430		223
3431		118
3432		31
3433		65
3434		251
3435		60
3436		200
3437		209
3438		21
3439		170
3440		136
3441		44
3442		67
3443		94
3444		65
3445		56
3446		17
3447		71
3448		593
3449		93
3450		30
3451		31
3452		215
3453		93
3454		35
3455		119
3456		378
3457		59
3458		15
3459		260
3460		237
3461		143
3462		33
3463		98
3464		18
3465		115
3466		75
3467		9
3468		181
3469		148
3470		14
3471		183
3472		72
3473		94
3474		412
3475		162
3476		52
3477		122
3478		568
3479		30
3480		238
3481		47
3482		99
3483		114
3484		405
3485		10
3486		114
3487		71
3488		117
3489		87
3490		6
3491		224
3492		79
3493		60
3494		103
3495		96
3496		15
3497		329
3498		112
3499		23
3500		73
3501		45
3502		28
3503		122
3504		62
3505		53
3506		146
3507		22
3508		21
3509		15
3510		40
3511		207
3512		17
3513		77
3514		22
3515		249
3516		674
3517		53
3518		117
3519		71
3520		69
3521		496
3522		3
3523		6
3524		106
3525		81
3526		90
3527		29
3528		88
3529		136
3530		30
3531		50
3532		142
3533		69
3534		51
3535		61
3536		8
3537		19
3538		60
3539		118
3540		63
3541		110
3542		112
3543		89
3544		28
3545		105
3546		240
3547		91
3548		148
3549		33
3550		73
3551		113
3552		62
3553		280
3554		201
3555		84
3556		16
3557		190
3558		261
3559		102
3560		142
3561		115
3562		30
3563		30
3564		299
3565		262
3566		130
3567		54
3568		54
3569		9
3570		107
3571		272
3572		19
3573		61
3574		191
3575		33
3576		25
3577		174
3578		22
3579		157
3580		49
3581		55
3582		72
3583		193
3584		17
3585		121
3586		4
3587		36
3588		64
3589		49
3590		32
3591		137
3592		201
3593		44
3594		154
3595		169
3596		19
3597		389
3598		364
3599		5
3600		115
3601		27
3602		63
3603		127
3604		42
3605		20
3606		103
3607		41
3608		53
3609		31
3610		6
3611		318
3612		482
3613		12
3614		192
3615		201
3616		47
3617		137
3618		209
3619		36
3620		27
3621		99
3622		6
3623		62
3624		89
3625		94
3626		27
3627		15
3628		50
3629		129
3630		13
3631		109
3632		141
3633		103
3634		87
3635		717
3636		43
3637		9
3638		177
3639		248
3640		45
3641		121
3642		22
3643		54
3644		162
3645		113
3646		19
3647		28
3648		145
3649		90
3650		26
3651		117
3652		95
3653		167
3654		275
3655		26
3656		28
3657		326
3658		119
3659		106
3660		51
3661		143
3662		73
3663		60
3664		89
3665		96
3666		150
3667		20
3668		65
3669		262
3670		7
3671		38
3672		62
3673		50
3674		31
3675		69
3676		119
3677		142
3678		70
3679		68
3680		452
3681		69
3682		58
3683		132
3684		94
3685		75
3686		171
3687		248
3688		31
3689		125
3690		2
3691		34
3692		12
3693		78
3694		135
3695		13
3696		142
3697		180
3698		106
3699		16
3700		276
3701		103
3702		23
3703		145
3704		103
3705		10
3706		34
3707		60
3708		33
3709		213
3710		475
3711		11
3712		30
3713		18
3714		67
3715		76
3716		29
3717		199
3718		118
3719		85
3720		95
3721		396
3722		78
3723		249
3724		123
3725		65
3726		195
3727		268
3728		198
3729		22
3730		356
3731		69
3732		15
3733		201
3734		151
3735		117
3736		64
3737		48
3738		15
3739		117
3740		94
3741		144
3742		30
3743		23
3744		34
3745		141
3746		68
3747		79
3748		171
3749		29
3750		273
3751		300
3752		57
3753		54
3754		30
3755		55
3756		17
3757		58
3758		476
3759		83
3760		79
3761		131
3762		92
3763		22
3764		132
3765		188
3766		76
3767		330
3768		95
3769		217
3770		40
3771		151
3772		144
3773		36
3774		19
3775		70
3776		642
3777		357
3778		126
3779		45
3780		367
3781		213
3782		51
3783		23
3784		15
3785		198
3786		201
3787		361
3788		89
3789		15
3790		71
3791		48
3792		166
3793		157
3794		59
3795		46
3796		67
3797		248
3798		247
3799		9
3800		14
3801		290
3802		54
3803		10
3804		211
3805		12
3806		219
3807		29
3808		83
3809		96
3810		85
3811		170
3812		212
3813		79
3814		126
3815		140
3816		163
3817		139
3818		20
3819		53
3820		75
3821		58
3822		383
3823		6
3824		237
3825		130
3826		60
3827		43
3828		135
3829		88
3830		200
3831		70
3832		100
3833		122
3834		20
3835		244
3836		55
3837		50
3838		33
3839		217
3840		59
3841		105
3842		264
3843		28
3844		136
3845		122
3846		188
3847		73
3848		67
3849		240
3850		113
3851		30
3852		30
3853		97
3854		35
3855		26
3856		206
3857		69
3858		37
3859		19
3860		187
3861		29
3862		138
3863		46
3864		190
3865		103
3866		220
3867		68
3868		166
3869		308
3870		36
3871		84
3872		178
3873		26
3874		44
3875		204
3876		206
3877		233
3878		234
3879		242
3880		81
3881		135
3882		161
3883		49
3884		8
3885		200
3886		74
3887		17
3888		174
3889		76
3890		85
3891		303
3892		39
3893		119
3894		290
3895		13
3896		29
3897		44
3898		16
3899		133
3900		218
3901		190
3902		60
3903		12
3904		69
3905		23
3906		30
3907		314
3908		189
3909		14
3910		104
3911		200
3912		146
3913		76
3914		296
3915		152
3916		253
3917		121
3918		163
3919		162
3920		31
3921		425
3922		64
3923		29
3924		96
3925		387
3926		376
3927		274
3928		72
3929		14
3930		25
3931		46
3932		116
3933		44
3934		110
3935		141
3936		204
3937		24
3938		138
3939		65
3940		223
3941		343
3942		16
3943		16
3944		87
3945		44
3946		101
3947		63
3948		83
3949		183
3950		160
3951		120
3952		64
3953		30
3954		64
3955		171
3956		53
3957		84
3958		51
3959		36
3960		26
3961		18
3962		93
3963		145
3964		9
3965		27
3966		142
3967		40
3968		180
3969		8
3970		76
3971		71
3972		198
3973		133
3974		32
3975		177
3976		118
3977		468
3978		51
3979		161
3980		15
3981		22
3982		109
3983		60
3984		181
3985		299
3986		21
3987		16
3988		37
3989		23
3990		210
3991		10
3992		291
3993		129
3994		141
3995		65
3996		245
3997		91
3998		129
3999		48
4000		198
4001		75
4002		30
4003		262
4004		53
4005		217
4006		94
4007		25
4008		28
4009		43
4010		132
4011		481
4012		34
4013		124
4014		302
4015		136
4016		168
4017		80
4018		130
4019		211
4020		57
4021		22
4022		185
4023		85
4024		347
4025		116
4026		138
4027		23
4028		349
4029		116
4030		90
4031		74
4032		132
4033		138
4034		171
4035		632
4036		57
4037		177
4038		58
4039		9
4040		76
4041		199
4042		16
4043		412
4044		389
4045		115
4046		400
4047		186
4048		64
4049		67
4050		457
4051		100
4052		11
4053		82
4054		83
4055		207
4056		42
4057		19
4058		255
4059		66
4060		165
4061		204
4062		308
4063		60
4064		367
4065		119
4066		24
4067		72
4068		45
4069		10
4070		142
4071		9
4072		20
4073		38
4074		40
4075		589
4076		219
4077		267
4078		196
4079		83
4080		626
4081		81
4082		44
4083		86
4084		75
4085		130
4086		26
4087		152
4088		155
4089		48
4090		9
4091		199
4092		244
4093		26
4094		159
4095		246
4096		45
4097		221
4098		137
4099		405
4100		270
4101		78
4102		23
4103		57
4104		45
4105		243
4106		27
4107		28
4108		142
4109		237
4110		392
4111		7
4112		310
4113		9
4114		136
4115		39
4116		118
4117		28
4118		754
4119		71
4120		22
4121		45
4122		32
4123		87
4124		25
4125		48
4126		55
4127		43
4128		18
4129		90
4130		12
4131		366
4132		311
4133		95
4134		4
4135		134
4136		58
4137		166
4138		18
4139		141
4140		85
4141		154
4142		124
4143		22
4144		28
4145		117
4146		106
4147		48
4148		75
4149		47
4150		113
4151		14
4152		135
4153		116
4154		8
4155		34
4156		253
4157		36
4158		19
4159		286
4160		92
4161		57
4162		538
4163		45
4164		98
4165		115
4166		84
4167		69
4168		53
4169		68
4170		192
4171		14
4172		202
4173		33
4174		131
4175		143
4176		96
4177		47
4178		118
4179		47
4180		37
4181		64
4182		35
4183		36
4184		40
4185		135
4186		36
4187		52
4188		26
4189		193
4190		50
4191		36
4192		121
4193		158
4194		24
4195		87
4196		17
4197		16
4198		359
4199		18
4200		20
4201		121
4202		67
4203		96
4204		156
4205		35
4206		216
4207		35
4208		188
4209		48
4210		27
4211		20
4212		1059
4213		43
4214		150
4215		36
4216		162
4217		19
4218		70
4219		187
4220		112
4221		80
4222		66
4223		88
4224		321
4225		130
4226		133
4227		76
4228		13
4229		379
4230		68
4231		119
4232		240
4233		138
4234		101
4235		132
4236		27
4237		112
4238		248
4239		377
4240		60
4241		106
4242		31
4243		40
4244		168
4245		14
4246		67
4247		148
4248		144
4249		200
4250		36
4251		69
4252		224
4253		124
4254		146
4255		130
4256		37
4257		29
4258		13
4259		23
4260		29
4261		20
4262		63
4263		80
4264		189
4265		293
4266		49
4267		35
4268		100
4269		113
4270		55
4271		27
4272		158
4273		54
4274		146
4275		18
4276		127
4277		200
4278		60
4279		79
4280		107
4281		45
4282		90
4283		94
4284		39
4285		21
4286		35
4287		187
4288		82
4289		25
4290		92
4291		25
4292		214
4293		249
4294		390
4295		36
4296		131
4297		59
4298		102
4299		32
4300		177
4301		194
4302		199
4303		56
4304		95
4305		157
4306		79
4307		11
4308		35
4309		100
4310		80
4311		13
4312		113
4313		17
4314		307
4315		164
4316		194
4317		101
4318		113
4319		104
4320		102
4321		484
4322		176
4323		39
4324		161
4325		71
4326		35
4327		23
4328		174
4329		277
4330		23
4331		7
4332		320
4333		126
4334		83
4335		62
4336		76
4337		139
4338		56
4339		142
4340		41
4341		195
4342		16
4343		241
4344		29
4345		25
4346		43
4347		87
4348		76
4349		148
4350		75
4351		27
4352		150
4353		27
4354		328
4355		99
4356		76
4357		151
4358		196
4359		139
4360		203
4361		43
4362		30
4363		189
4364		553
4365		33
4366		39
4367		77
4368		698
4369		38
4370		39
4371		6
4372		167
4373		486
4374		37
4375		277
4376		80
4377		274
4378		19
4379		152
4380		77
4381		83
4382		303
4383		93
4384		278
4385		193
4386		123
4387		226
4388		82
4389		110
4390		151
4391		56
4392		79
4393		213
4394		13
4395		70
4396		135
4397		43
4398		23
4399		217
4400		62
4401		54
4402		229
4403		372
4404		30
4405		40
4406		32
4407		31
4408		27
4409		63
4410		104
4411		9
4412		43
4413		310
4414		8
4415		232
4416		97
4417		137
4418		353
4419		20
4420		7
4421		8
4422		106
4423		166
4424		105
4425		146
4426		42
4427		24
4428		28
4429		49
4430		18
4431		175
4432		12
4433		29
4434		186
4435		15
4436		83
4437		120
4438		129
4439		58
4440		65
4441		86
4442		129
4443		149
4444		27
4445		241
4446		323
4447		39
4448		202
4449		25
4450		87
4451		24
4452		117
4453		283
4454		135
4455		260
4456		270
4457		104
4458		322
4459		128
4460		152
4461		35
4462		112
4463		124
4464		112
4465		48
4466		119
4467		210
4468		287
4469		85
4470		73
4471		9
4472		39
4473		190
4474		25
4475		179
4476		142
4477		39
4478		61
4479		60
4480		189
4481		336
4482		74
4483		241
4484		36
4485		429
4486		352
4487		70
4488		87
4489		143
4490		115
4491		73
4492		64
4493		126
4494		228
4495		129
4496		295
4497		40
4498		18
4499		195
4500		37
4501		123
4502		10
4503		45
4504		46
4505		102
4506		42
4507		24
4508		25
4509		278
4510		76
4511		360
4512		230
4513		18
4514		21
4515		38
4516		84
4517		36
4518		50
4519		41
4520		91
4521		180
4522		14
4523		6
4524		78
4525		88
4526		99
4527		29
4528		114
4529		609
4530		129
4531		116
4532		107
4533		48
4534		25
4535		84
4536		210
4537		129
4538		13
4539		5
4540		9
4541		48
4542		184
4543		90
4544		79
4545		79
4546		208
4547		176
4548		58
4549		82
4550		301
4551		180
4552		176
4553		11
4554		111
4555		12
4556		52
4557		47
4558		100
4559		28
4560		411
4561		85
4562		158
4563		149
4564		154
4565		199
4566		95
4567		103
4568		169
4569		92
4570		426
4571		22
4572		91
4573		13
4574		73
4575		87
4576		177
4577		54
4578		99
4579		187
4580		85
4581		115
4582		60
4583		284
4584		191
4585		109
4586		45
4587		139
4588		98
4589		153
4590		261
4591		95
4592		45
4593		224
4594		249
4595		126
4596		68
4597		403
4598		115
4599		186
4600		150
4601		94
4602		33
4603		80
4604		83
4605		54
4606		115
4607		66
4608		189
4609		509
4610		40
4611		150
4612		11
4613		14
4614		77
4615		241
4616		310
4617		91
4618		40
4619		128
4620		40
4621		66
4622		128
4623		113
4624		46
4625		155
4626		144
4627		65
4628		45
4629		115
4630		222
4631		43
4632		324
4633		9
4634		14
4635		222
4636		114
4637		21
4638		106
4639		75
4640		131
4641		264
4642		252
4643		27
4644		172
4645		297
4646		215
4647		19
4648		137
4649		24
4650		40
4651		22
4652		17
4653		55
4654		70
4655		75
4656		26
4657		71
4658		279
4659		299
4660		519
4661		385
4662		52
4663		456
4664		129
4665		281
4666		117
4667		26
4668		58
4669		165
4670		164
4671		285
4672		13
4673		288
4674		131
4675		56
4676		167
4677		451
4678		62
4679		69
4680		180
4681		118
4682		15
4683		13
4684		156
4685		53
4686		198
4687		13
4688		68
4689		10
4690		207
4691		69
4692		390
4693		200
4694		208
4695		122
4696		411
4697		335
4698		89
4699		55
4700		385
4701		45
4702		13
4703		250
4704		354
4705		122
4706		127
4707		64
4708		149
4709		12
4710		30
4711		82
4712		217
4713		140
4714		21
4715		33
4716		130
4717		68
4718		127
4719		119
4720		200
4721		4
4722		158
4723		21
4724		120
4725		101
4726		330
4727		200
4728		63
4729		178
4730		46
4731		11
4732		16
4733		272
4734		349
4735		127
4736		8
4737		229
4738		56
4739		320
4740		223
4741		28
4742		153
4743		202
4744		69
4745		87
4746		12
4747		75
4748		49
4749		177
4750		122
4751		33
4752		136
4753		44
4754		53
4755		161
4756		387
4757		32
4758		319
4759		197
4760		158
4761		11
4762		288
4763		22
4764		119
4765		166
4766		65
4767		100
4768		82
4769		106
4770		178
4771		17
4772		356
4773		113
4774		71
4775		80
4776		37
4777		55
4778		4
4779		25
4780		86
4781		590
4782		32
4783		288
4784		37
4785		49
4786		112
4787		139
4788		29
4789		114
4790		208
4791		141
4792		52
4793		22
4794		46
4795		60
4796		149
4797		115
4798		35
4799		90
4800		54
4801		41
4802		62
4803		76
4804		80
4805		328
4806		98
4807		178
4808		40
4809		31
4810		330
4811		54
4812		106
4813		230
4814		15
4815		464
4816		40
4817		28
4818		36
4819		70
4820		63
4821		30
4822		209
4823		41
4824		79
4825		159
4826		29
4827		5
4828		540
4829		99
4830		114
4831		27
4832		19
4833		195
4834		4
4835		67
4836		108
4837		44
4838		40
4839		12
4840		64
4841		27
4842		57
4843		44
4844		40
4845		23
4846		33
4847		43
4848		34
4849		157
4850		192
4851		252
4852		224
4853		196
4854		88
4855		266
4856		5
4857		62
4858		49
4859		95
4860		1135
4861		68
4862		288
4863		60
4864		28
4865		134
4866		33
4867		141
4868		21
4869		17
4870		76
4871		293
4872		17
4873		29
4874		396
4875		376
4876		216
4877		97
4878		172
4879		100
4880		81
4881		4
4882		354
4883		41
4884		33
4885		95
4886		87
4887		161
4888		312
4889		239
4890		79
4891		209
4892		7
4893		60
4894		72
4895		73
4896		25
4897		92
4898		210
4899		19
4900		30
4901		56
4902		148
4903		246
4904		228
4905		544
4906		23
4907		216
4908		24
4909		32
4910		96
4911		169
4912		3
4913		294
4914		541
4915		42
4916		65
4917		35
4918		66
4919		13
4920		89
4921		15
4922		66
4923		284
4924		62
4925		30
4926		67
4927		219
4928		30
4929		108
4930		42
4931		67
4932		17
4933		39
4934		139
4935		645
4936		21
4937		146
4938		30
4939		24
4940		27
4941		57
4942		26
4943		116
4944		489
4945		93
4946		133
4947		34
4948		337
4949		268
4950		296
4951		74
4952		8
4953		46
4954		26
4955		100
4956		12
4957		224
4958		5
4959		37
4960		410
4961		163
4962		60
4963		60
4964		73
4965		42
4966		165
4967		21
4968		320
4969		140
4970		21
4971		6
4972		179
4973		171
4974		150
4975		256
4976		68
4977		47
4978		91
4979		113
4980		62
4981		116
4982		17
4983		12
4984		160
4985		30
4986		118
4987		72
4988		57
4989		44
4990		75
4991		204
4992		71
4993		27
4994		152
4995		74
4996		290
4997		42
4998		36
4999		89
5000		34
5001		35
5002		76
5003		117
5004		66
5005		368
5006		55
5007		98
5008		28
5009		23
5010		25
5011		216
5012		217
5013		119
5014		302
5015		31
5016		79
5017		86
5018		17
5019		103
5020		82
5021		214
5022		49
5023		31
5024		92
5025		29
5026		158
5027		206
5028		294
5029		69
5030		79
5031		100
5032		82
5033		120
5034		118
5035		193
5036		18
5037		138
5038		182
5039		31
5040		21
5041		175
5042		33
5043		77
5044		25
5045		120
5046		56
5047		10
5048		142
5049		43
5050		37
5051		30
5052		112
5053		124
5054		418
5055		228
5056		26
5057		148
5058		126
5059		181
5060		33
5061		115
5062		86
5063		59
5064		17
5065		259
5066		15
5067		136
5068		75
5069		100
5070		102
5071		58
5072		115
5073		55
5074		155
5075		10
5076		276
5077		121
5078		48
5079		291
5080		5
5081		27
5082		44
5083		114
5084		34
5085		5
5086		459
5087		36
5088		148
5089		144
5090		625
5091		24
5092		60
5093		131
5094		46
5095		97
5096		37
5097		108
5098		70
5099		123
5100		22
5101		132
5102		263
5103		115
5104		12
5105		179
5106		90
5107		245
5108		89
5109		12
5110		120
5111		79
5112		79
5113		68
5114		74
5115		166
5116		47
5117		30
5118		210
5119		194
5120		34
5121		18
5122		34
5123		410
5124		120
5125		59
5126		77
5127		201
5128		162
5129		471
5130		192
5131		12
5132		156
5133		13
5134		30
5135		264
5136		25
5137		113
5138		154
5139		67
5140		215
5141		158
5142		177
5143		202
5144		181
5145		96
5146		16
5147		133
5148		70
5149		27
5150		166
5151		57
5152		37
5153		51
5154		72
5155		137
5156		48
5157		45
5158		84
5159		91
5160		124
5161		12
5162		146
5163		231
5164		59
5165		191
5166		30
5167		125
5168		261
5169		40
5170		380
5171		45
5172		261
5173		72
5174		58
5175		78
5176		202
5177		265
5178		294
5179		210
5180		274
5181		129
5182		21
5183		160
5184		163
5185		77
5186		369
5187		49
5188		67
5189		194
5190		415
5191		144
5192		44
5193		195
5194		5
5195		237
5196		62
5197		70
5198		111
5199		130
5200		151
5201		178
5202		24
5203		76
5204		203
5205		416
5206		76
5207		89
5208		84
5209		104
5210		277
5211		97
5212		182
5213		56
5214		102
5215		69
5216		202
5217		293
5218		59
5219		211
5220		184
5221		67
5222		98
5223		103
5224		103
5225		124
5226		114
5227		79
5228		58
5229		40
5230		44
5231		259
5232		41
5233		241
5234		50
5235		137
5236		20
5237		292
5238		78
5239		68
5240		63
5241		51
5242		47
5243		169
5244		21
5245		96
5246		14
5247		73
5248		12
5249		114
5250		100
5251		317
5252		161
5253		95
5254		39
5255		17
5256		11
5257		324
5258		252
5259		570
5260		51
5261		84
5262		134
5263		69
5264		142
5265		218
5266		35
5267		9
5268		272
5269		76
5270		150
5271		35
5272		258
5273		128
5274		60
5275		60
5276		19
5277		63
5278		162
5279		79
5280		392
5281		117
5282		144
5283		174
5284		42
5285		99
5286		36
5287		325
5288		78
5289		32
5290		164
5291		69
5292		54
5293		125
5294		42
5295		8
5296		328
5297		162
5298		65
5299		173
5300		10
5301		115
5302		201
5303		197
5304		135
5305		59
5306		140
5307		47
5308		74
5309		33
5310		53
5311		190
5312		103
5313		115
5314		350
5315		61
5316		225
5317		24
5318		119
5319		28
5320		313
5321		195
5322		158
5323		13
5324		79
5325		243
5326		162
5327		260
5328		256
5329		80
5330		32
5331		28
5332		36
5333		31
5334		104
5335		475
5336		168
5337		254
5338		230
5339		109
5340		165
5341		137
5342		41
5343		68
5344		70
5345		17
5346		233
5347		341
5348		13
5349		123
5350		28
5351		55
5352		272
5353		64
5354		134
5355		182
5356		104
5357		42
5358		497
5359		179
5360		68
5361		373
5362		47
5363		131
5364		112
5365		185
5366		72
5367		151
5368		326
5369		54
5370		97
5371		48
5372		192
5373		69
5374		38
5375		168
5376		79
5377		41
5378		96
5379		12
5380		222
5381		51
5382		63
5383		262
5384		51
5385		129
5386		59
5387		143
5388		30
5389		37
5390		27
5391		208
5392		125
5393		26
5394		49
5395		30
5396		70
5397		279
5398		60
5399		34
5400		89
5401		6
5402		14
5403		11
5404		18
5405		130
5406		322
5407		99
5408		9
5409		207
5410		260
5411		109
5412		32
5413		30
5414		748
5415		314
5416		202
5417		219
5418		109
5419		623
5420		80
5421		39
5422		92
5423		80
5424		39
5425		53
5426		123
5427		70
5428		16
5429		32
5430		140
5431		101
5432		337
5433		16
5434		203
5435		53
5436		14
5437		74
5438		58
5439		47
5440		173
5441		125
5442		41
5443		361
5444		47
5445		24
5446		55
5447		181
5448		10
5449		11
5450		186
5451		9
5452		107
5453		427
5454		154
5455		63
5456		120
5457		124
5458		235
5459		212
5460		55
5461		14
5462		149
5463		158
5464		137
5465		82
5466		138
5467		237
5468		125
5469		127
5470		160
5471		224
5472		45
5473		37
5474		69
5475		28
5476		89
5477		58
5478		61
5479		74
5480		28
5481		83
5482		47
5483		336
5484		290
5485		59
5486		118
5487		5
5488		67
5489		19
5490		202
5491		345
5492		150
5493		89
5494		300
5495		147
5496		23
5497		148
5498		15
5499		87
5500		246
5501		13
5502		93
5503		184
5504		142
5505		182
5506		162
5507		79
5508		18
5509		95
5510		185
5511		21
5512		113
5513		54
5514		24
5515		120
5516		63
5517		81
5518		252
5519		22
5520		17
5521		141
5522		42
5523		79
5524		12
5525		10
5526		26
5527		44
5528		197
5529		275
5530		107
5531		151
5532		59
5533		188
5534		113
5535		36
5536		81
5537		225
5538		12
5539		62
5540		42
5541		26
5542		49
5543		91
5544		60
5545		195
5546		105
5547		49
5548		253
5549		75
5550		142
5551		26
5552		36
5553		132
5554		12
5555		124
5556		96
5557		27
5558		488
5559		338
5560		36
5561		94
5562		60
5563		116
5564		58
5565		20
5566		313
5567		263
5568		26
5569		7
5570		231
5571		35
5572		34
5573		136
5574		17
5575		298
5576		192
5577		30
5578		40
5579		453
5580		95
5581		315
5582		38
5583		88
5584		44
5585		348
5586		112
5587		391
5588		27
5589		434
5590		169
5591		67
5592		372
5593		153
5594		158
5595		40
5596		37
5597		175
5598		158
5599		76
5600		60
5601		136
5602		89
5603		68
5604		114
5605		252
5606		92
5607		38
5608		149
5609		165
5610		26
5611		123
5612		90
5613		217
5614		116
5615		61
5616		55
5617		147
5618		321
5619		34
5620		313
5621		125
5622		68
5623		57
5624		228
5625		77
5626		443
5627		67
5628		41
5629		60
5630		45
5631		35
5632		49
5633		57
5634		14
5635		24
5636		131
5637		200
5638		34
5639		174
5640		102
5641		83
5642		153
5643		277
5644		14
5645		40
5646		142
5647		149
5648		196
5649		10
5650		120
5651		337
5652		177
5653		155
5654		102
5655		126
5656		15
5657		63
5658		195
5659		120
5660		397
5661		102
5662		46
5663		33
5664		42
5665		227
5666		16
5667		13
5668		61
5669		58
5670		59
5671		57
5672		23
5673		139
5674		40
5675		58
5676		117
5677		90
5678		491
5679		248
5680		12
5681		46
5682		21
5683		246
5684		89
5685		96
5686		20
5687		198
5688		129
5689		164
5690		116
5691		64
5692		64
5693		34
5694		42
5695		129
5696		26
5697		414
5698		46
5699		198
5700		200
5701		10
5702		140
5703		87
5704		75
5705		518
5706		48
5707		116
5708		134
5709		111
5710		101
5711		194
5712		44
5713		84
5714		276
5715		41
5716		30
5717		177
5718		48
5719		128
5720		93
5721		21
5722		50
5723		323
5724		39
5725		120
5726		52
5727		11
5728		46
5729		25
5730		17
5731		364
5732		179
5733		20
5734		122
5735		109
5736		144
5737		26
5738		256
5739		239
5740		155
5741		234
5742		105
5743		341
5744		197
5745		473
5746		46
5747		9
5748		84
5749		31
5750		78
5751		253
5752		78
5753		306
5754		139
5755		55
5756		177
5757		22
5758		56
5759		92
5760		39
5761		19
5762		78
5763		161
5764		5
5765		195
5766		328
5767		127
5768		228
5769		36
5770		129
5771		616
5772		88
5773		85
5774		316
5775		16
5776		75
5777		514
5778		82
5779		54
5780		94
5781		87
5782		238
5783		9
5784		37
5785		228
5786		120
5787		10
5788		334
5789		13
5790		44
5791		116
5792		169
5793		40
5794		71
5795		10
5796		35
5797		40
5798		144
5799		185
5800		11
5801		152
5802		688
5803		72
5804		198
5805		196
5806		26
5807		3
5808		17
5809		59
5810		174
5811		55
5812		187
5813		150
5814		176
5815		140
5816		338
5817		62
5818		83
5819		66
5820		12
5821		41
5822		771
5823		28
5824		45
5825		477
5826		156
5827		456
5828		162
5829		43
5830		10
5831		185
5832		230
5833		43
5834		116
5835		165
5836		78
5837		32
5838		160
5839		27
5840		81
5841		19
5842		35
5843		114
5844		31
5845		167
5846		32
5847		75
5848		79
5849		11
5850		298
5851		106
5852		42
5853		265
5854		243
5855		14
5856		73
5857		46
5858		34
5859		65
5860		72
5861		144
5862		14
5863		94
5864		326
5865		35
5866		4
5867		332
5868		244
5869		63
5870		182
5871		331
5872		36
5873		132
5874		107
5875		94
5876		238
5877		77
5878		28
5879		143
5880		166
5881		45
5882		216
5883		191
5884		215
5885		118
5886		45
5887		218
5888		134
5889		207
5890		132
5891		83
5892		300
5893		123
5894		164
5895		125
5896		264
5897		24
5898		104
5899		148
5900		141
5901		50
5902		314
5903		7
5904		64
5905		167
5906		75
5907		85
5908		238
5909		112
5910		43
5911		95
5912		201
5913		98
5914		79
5915		5
5916		52
5917		96
5918		175
5919		8
5920		8
5921		20
5922		234
5923		226
5924		252
5925		59
5926		38
5927		61
5928		21
5929		56
5930		269
5931		39
5932		94
5933		158
5934		14
5935		14
5936		70
5937		272
5938		87
5939		47
5940		42
5941		68
5942		27
5943		227
5944		42
5945		58
5946		505
5947		102
5948		166
5949		255
5950		61
5951		60
5952		270
5953		199
5954		161
5955		210
5956		24
5957		17
5958		28
5959		19
5960		122
5961		72
5962		207
5963		231
5964		43
5965		467
5966		162
5967		155
5968		19
5969		55
5970		213
5971		87
5972		24
5973		158
5974		45
5975		170
5976		15
5977		91
5978		243
5979		23
5980		202
5981		193
5982		59
5983		139
5984		6
5985		62
5986		57
5987		36
5988		432
5989		94
5990		68
5991		16
5992		297
5993		56
5994		51
5995		61
5996		90
5997		214
5998		77
5999		85
6000		81
6001		54
6002		160
6003		10
6004		27
6005		45
6006		90
6007		67
6008		37
6009		6
6010		145
6011		76
6012		94
6013		263
6014		38
6015		706
6016		16
6017		51
6018		108
6019		140
6020		41
6021		514
6022		28
6023		124
6024		99
6025		94
6026		193
6027		248
6028		10
6029		19
6030		194
6031		31
6032		165
6033		33
6034		170
6035		46
6036		61
6037		16
6038		61
6039		65
6040		246
6041		53
6042		29
6043		81
6044		96
6045		246
6046		121
6047		26
6048		43
6049		21
6050		34
6051		267
6052		137
6053		59
6054		57
6055		140
6056		137
6057		185
6058		59
6059		85
6060		44
6061		40
6062		126
6063		294
6064		76
6065		66
6066		41
6067		182
6068		47
6069		93
6070		33
6071		139
6072		60
6073		157
6074		86
6075		10
6076		76
6077		137
6078		37
6079		92
6080		155
6081		356
6082		46
6083		69
6084		83
6085		55
6086		74
6087		17
6088		300
6089		132
6090		130
6091		163
6092		61
6093		47
6094		107
6095		29
6096		131
6097		259
6098		218
6099		92
6100		85
6101		53
6102		25
6103		53
6104		73
6105		198
6106		41
6107		40
6108		45
6109		57
6110		279
6111		28
6112		54
6113		24
6114		25
6115		125
6116		26
6117		109
6118		6
6119		114
6120		93
6121		23
6122		29
6123		67
6124		139
6125		82
6126		72
6127		9
6128		74
6129		39
6130		163
6131		27
6132		131
6133		82
6134		156
6135		23
6136		71
6137		36
6138		135
6139		122
6140		292
6141		67
6142		63
6143		139
6144		45
6145		332
6146		53
6147		19
6148		52
6149		55
6150		53
6151		33
6152		51
6153		102
6154		487
6155		96
6156		122
6157		123
6158		71
6159		46
6160		20
6161		255
6162		126
6163		246
6164		31
6165		3
6166		40
6167		23
6168		40
6169		77
6170		13
6171		23
6172		35
6173		4
6174		30
6175		147
6176		98
6177		13
6178		91
6179		74
6180		135
6181		183
6182		161
6183		162
6184		104
6185		84
6186		224
6187		89
6188		14
6189		28
6190		27
6191		57
6192		430
6193		78
6194		31
6195		203
6196		171
6197		25
6198		111
6199		6
6200		276
6201		384
6202		54
6203		23
6204		37
6205		16
6206		102
6207		219
6208		20
6209		12
6210		25
6211		34
6212		52
6213		14
6214		176
6215		360
6216		14
6217		8
6218		7
6219		94
6220		26
6221		204
6222		60
6223		110
6224		64
6225		97
6226		135
6227		135
6228		112
6229		55
6230		109
6231		24
6232		22
6233		27
6234		82
6235		49
6236		112
6237		60
6238		102
6239		69
6240		103
6241		271
6242		68
6243		17
6244		88
6245		110
6246		422
6247		91
6248		61
6249		72
6250		11
6251		86
6252		90
6253		116
6254		21
6255		184
6256		45
6257		123
6258		343
6259		87
6260		74
6261		57
6262		59
6263		13
6264		109
6265		3
6266		268
6267		355
6268		17
6269		84
6270		120
6271		131
6272		122
6273		132
6274		163
6275		405
6276		51
6277		28
6278		126
6279		235
6280		311
6281		120
6282		85
6283		38
6284		138
6285		47
6286		21
6287		371
6288		19
6289		32
6290		270
6291		463
6292		251
6293		56
6294		81
6295		11
6296		52
6297		12
6298		106
6299		139
6300		168
6301		21
6302		218
6303		16
6304		13
6305		45
6306		258
6307		126
6308		349
6309		75
6310		22
6311		450
6312		152
6313		29
6314		72
6315		161
6316		113
6317		117
6318		180
6319		669
6320		30
6321		78
6322		202
6323		392
6324		4
6325		18
6326		261
6327		34
6328		74
6329		7
6330		26
6331		143
6332		14
6333		34
6334		28
6335		42
6336		83
6337		132
6338		131
6339		140
6340		590
6341		35
6342		227
6343		100
6344		100
6345		191
6346		35
6347		158
6348		103
6349		151
6350		310
6351		99
6352		245
6353		40
6354		86
6355		38
6356		139
6357		86
6358		23
6359		209
6360		153
6361		132
6362		15
6363		51
6364		41
6365		251
6366		32
6367		127
6368		23
6369		39
6370		147
6371		373
6372		37
6373		119
6374		135
6375		70
6376		56
6377		104
6378		390
6379		83
6380		10
6381		125
6382		60
6383		353
6384		132
6385		389
6386		155
6387		34
6388		134
6389		48
6390		315
6391		145
6392		200
6393		264
6394		410
6395		592
6396		104
6397		187
6398		71
6399		7
6400		49
6401		153
6402		22
6403		81
6404		27
6405		23
6406		45
6407		137
6408		115
6409		72
6410		210
6411		68
6412		105
6413		235
6414		23
6415		253
6416		9
6417		6
6418		95
6419		43
6420		77
6421		89
6422		191
6423		320
6424		204
6425		16
6426		415
6427		117
6428		392
6429		47
6430		49
6431		91
6432		163
6433		45
6434		190
6435		13
6436		80
6437		100
6438		47
6439		121
6440		225
6441		55
6442		93
6443		51
6444		195
6445		175
6446		9
6447		13
6448		166
6449		285
6450		191
6451		95
6452		62
6453		120
6454		55
6455		102
6456		13
6457		41
6458		44
6459		34
6460		352
6461		144
6462		21
6463		42
6464		31
6465		453
6466		90
6467		53
6468		21
6469		126
6470		100
6471		116
6472		128
6473		206
6474		43
6475		116
6476		310
6477		35
6478		35
6479		152
6480		31
6481		141
6482		47
6483		87
6484		133
6485		33
6486		9
6487		94
6488		42
6489		99
6490		112
6491		116
6492		288
6493		84
6494		144
6495		32
6496		171
6497		239
6498		260
6499		89
6500		11
6501		29
6502		16
6503		118
6504		32
6505		347
6506		187
6507		68
6508		12
6509		36
6510		52
6511		166
6512		52
6513		77
6514		223
6515		292
6516		313
6517		255
6518		135
6519		113
6520		424
6521		15
6522		155
6523		56
6524		11
6525		83
6526		101
6527		212
6528		110
6529		105
6530		78
6531		113
6532		227
6533		515
6534		7
6535		117
6536		82
6537		52
6538		26
6539		125
6540		23
6541		277
6542		23
6543		214
6544		10
6545		75
6546		300
6547		135
6548		255
6549		227
6550		434
6551		47
6552		129
6553		31
6554		66
6555		200
6556		69
6557		33
6558		20
6559		75
6560		57
6561		31
6562		173
6563		104
6564		18
6565		156
6566		221
6567		40
6568		8
6569		39
6570		135
6571		20
6572		46
6573		25
6574		206
6575		129
6576		145
6577		95
6578		216
6579		119
6580		33
6581		137
6582		121
6583		45
6584		14
6585		46
6586		201
6587		184
6588		188
6589		49
6590		37
6591		33
6592		20
6593		214
6594		8
6595		41
6596		121
6597		12
6598		135
6599		77
6600		420
6601		120
6602		224
6603		180
6604		34
6605		44
6606		12
6607		36
6608		43
6609		159
6610		90
6611		16
6612		46
6613		348
6614		47
6615		147
6616		188
6617		76
6618		105
6619		11
6620		71
6621		158
6622		710
6623		38
6624		73
6625		231
6626		20
6627		29
6628		27
6629		41
6630		24
6631		65
6632		85
6633		130
6634		36
6635		52
6636		330
6637		5
6638		112
6639		44
6640		54
6641		113
6642		65
6643		28
6644		332
6645		58
6646		67
6647		65
6648		75
6649		474
6650		51
6651		17
6652		277
6653		130
6654		9
6655		18
6656		46
6657		254
6658		96
6659		346
6660		18
6661		145
6662		137
6663		89
6664		20
6665		150
6666		486
6667		66
6668		156
6669		352
6670		74
6671		231
6672		31
6673		111
6674		73
6675		309
6676		193
6677		144
6678		276
6679		140
6680		231
6681		68
6682		167
6683		84
6684		291
6685		25
6686		100
6687		181
6688		143
6689		60
6690		16
6691		273
6692		46
6693		128
6694		383
6695		18
6696		76
6697		60
6698		197
6699		25
6700		121
6701		19
6702		30
6703		458
6704		27
6705		94
6706		83
6707		25
6708		145
6709		18
6710		493
6711		64
6712		15
6713		170
6714		118
6715		257
6716		53
6717		89
6718		162
6719		28
6720		74
6721		94
6722		41
6723		312
6724		332
6725		86
6726		152
6727		54
6728		228
6729		227
6730		71
6731		104
6732		58
6733		95
6734		407
6735		136
6736		35
6737		65
6738		157
6739		15
6740		200
6741		98
6742		161
6743		21
6744		112
6745		107
6746		44
6747		52
6748		31
6749		117
6750		107
6751		35
6752		67
6753		31
6754		75
6755		324
6756		21
6757		42
6758		45
6759		33
6760		143
6761		17
6762		61
6763		48
6764		35
6765		14
6766		74
6767		190
6768		19
6769		271
6770		194
6771		15
6772		24
6773		63
6774		56
6775		112
6776		132
6777		39
6778		121
6779		94
6780		22
6781		64
6782		192
6783		58
6784		316
6785		41
6786		96
6787		231
6788		288
6789		80
6790		18
6791		33
6792		64
6793		187
6794		40
6795		130
6796		158
6797		125
6798		165
6799		33
6800		94
6801		64
6802		168
6803		7
6804		177
6805		341
6806		102
6807		164
6808		46
6809		42
6810		172
6811		149
6812		65
6813		88
6814		302
6815		31
6816		84
6817		88
6818		16
6819		41
6820		18
6821		113
6822		39
6823		27
6824		47
6825		118
6826		180
6827		79
6828		214
6829		179
6830		49
6831		127
6832		119
6833		156
6834		37
6835		182
6836		74
6837		99
6838		68
6839		245
6840		13
6841		25
6842		13
6843		29
6844		183
6845		13
6846		287
6847		38
6848		24
6849		62
6850		13
6851		12
6852		64
6853		102
6854		20
6855		195
6856		924
6857		188
6858		151
6859		12
6860		220
6861		300
6862		132
6863		86
6864		227
6865		181
6866		103
6867		62
6868		298
6869		215
6870		88
6871		27
6872		85
6873		84
6874		19
6875		158
6876		136
6877		219
6878		199
6879		44
6880		88
6881		77
6882		28
6883		12
6884		406
6885		15
6886		188
6887		30
6888		98
6889		25
6890		2
6891		12
6892		158
6893		159
6894		57
6895		105
6896		213
6897		124
6898		64
6899		101
6900		227
6901		195
6902		144
6903		71
6904		127
6905		6
6906		65
6907		113
6908		88
6909		264
6910		24
6911		23
6912		23
6913		200
6914		288
6915		534
6916		239
6917		447
6918		57
6919		220
6920		217
6921		69
6922		89
6923		216
6924		45
6925		71
6926		95
6927		56
6928		18
6929		44
6930		26
6931		58
6932		165
6933		95
6934		145
6935		31
6936		103
6937		186
6938		85
6939		39
6940		353
6941		62
6942		257
6943		91
6944		203
6945		73
6946		143
6947		177
6948		19
6949		29
6950		113
6951		126
6952		32
6953		58
6954		20
6955		124
6956		82
6957		28
6958		66
6959		22
6960		39
6961		24
6962		37
6963		684
6964		121
6965		114
6966		142
6967		33
6968		192
6969		107
6970		170
6971		87
6972		103
6973		78
6974		56
6975		240
6976		19
6977		37
6978		153
6979		35
6980		286
6981		15
6982		89
6983		51
6984		65
6985		271
6986		316
6987		7
6988		187
6989		72
6990		139
6991		20
6992		62
6993		132
6994		394
6995		49
6996		169
6997		213
6998		91
6999		97
7000		266
7001		28
7002		345
7003		283
7004		18
7005		114
7006		165
7007		207
7008		56
7009		38
7010		10
7011		146
7012		14
7013		42
7014		81
7015		15
7016		92
7017		9
7018		48
7019		36
7020		51
7021		295
7022		100
7023		148
7024		22
7025		270
7026		107
7027		79
7028		144
7029		40
7030		193
7031		60
7032		70
7033		46
7034		20
7035		71
7036		115
7037		275
7038		80
7039		73
7040		295
7041		24
7042		31
7043		181
7044		50
7045		49
7046		230
7047		28
7048		227
7049		35
7050		39
7051		254
7052		31
7053		152
7054		185
7055		346
7056		194
7057		257
7058		37
7059		89
7060		90
7061		99
7062		197
7063		37
7064		407
7065		167
7066		22
7067		199
7068		21
7069		129
7070		27
7071		56
7072		34
7073		70
7074		124
7075		280
7076		156
7077		163
7078		16
7079		68
7080		140
7081		87
7082		175
7083		260
7084		202
7085		214
7086		39
7087		22
7088		75
7089		19
7090		125
7091		62
7092		151
7093		13
7094		183
7095		185
7096		77
7097		306
7098		157
7099		102
7100		467
7101		81
7102		260
7103		76
7104		178
7105		236
7106		202
7107		20
7108		76
7109		124
7110		42
7111		47
7112		363
7113		206
7114		376
7115		114
7116		100
7117		46
7118		138
7119		30
7120		262
7121		90
7122		11
7123		42
7124		60
7125		129
7126		59
7127		98
7128		139
7129		160
7130		26
7131		28
7132		14
7133		89
7134		377
7135		93
7136		199
7137		122
7138		400
7139		343
7140		12
7141		65
7142		54
7143		203
7144		39
7145		199
7146		123
7147		9
7148		49
7149		68
7150		207
7151		365
7152		41
7153		249
7154		322
7155		116
7156		214
7157		314
7158		202
7159		173
7160		201
7161		89
7162		301
7163		9
7164		284
7165		14
7166		118
7167		94
7168		79
7169		62
7170		109
7171		41
7172		212
7173		252
7174		196
7175		10
7176		59
7177		67
7178		108
7179		78
7180		182
7181		17
7182		25
7183		117
7184		129
7185		258
7186		56
7187		201
7188		118
7189		12
7190		244
7191		63
7192		19
7193		112
7194		163
7195		279
7196		189
7197		21
7198		42
7199		93
7200		24
7201		244
7202		28
7203		160
7204		9
7205		361
7206		141
7207		163
7208		204
7209		96
7210		103
7211		102
7212		130
7213		56
7214		81
7215		208
7216		417
7217		72
7218		212
7219		166
7220		382
7221		90
7222		250
7223		84
7224		100
7225		208
7226		148
7227		332
7228		144
7229		54
7230		14
7231		171
7232		7
7233		21
7234		132
7235		76
7236		72
7237		38
7238		9
7239		31
7240		99
7241		184
7242		115
7243		186
7244		24
7245		132
7246		24
7247		9
7248		82
7249		564
7250		97
7251		478
7252		148
7253		87
7254		7
7255		295
7256		135
7257		35
7258		52
7259		172
7260		63
7261		29
7262		105
7263		158
7264		42
7265		148
7266		121
7267		425
7268		15
7269		33
7270		51
7271		153
7272		13
7273		43
7274		49
7275		254
7276		9
7277		225
7278		12
7279		107
7280		291
7281		60
7282		210
7283		171
7284		50
7285		61
7286		126
7287		81
7288		20
7289		41
7290		49
7291		83
7292		154
7293		128
7294		49
7295		142
7296		180
7297		369
7298		82
7299		209
7300		74
7301		359
7302		81
7303		707
7304		140
7305		200
7306		217
7307		42
7308		53
7309		139
7310		222
7311		27
7312		62
7313		43
7314		65
7315		18
7316		115
7317		103
7318		175
7319		127
7320		22
7321		84
7322		74
7323		79
7324		36
7325		78
7326		156
7327		12
7328		24
7329		252
7330		129
7331		105
7332		26
7333		102
7334		17
7335		93
7336		140
7337		27
7338		215
7339		66
7340		11
7341		9
7342		143
7343		207
7344		60
7345		34
7346		167
7347		354
7348		90
7349		23
7350		246
7351		84
7352		22
7353		70
7354		105
7355		65
7356		73
7357		61
7358		50
7359		50
7360		72
7361		13
7362		163
7363		8
7364		260
7365		57
7366		200
7367		236
7368		184
7369		52
7370		58
7371		24
7372		225
7373		121
7374		23
7375		20
7376		134
7377		100
7378		18
7379		62
7380		166
7381		79
7382		130
7383		39
7384		84
7385		212
7386		176
7387		208
7388		457
7389		206
7390		143
7391		196
7392		424
7393		22
7394		57
7395		10
7396		137
7397		128
7398		148
7399		28
7400		28
7401		52
7402		22
7403		103
7404		201
7405		307
7406		80
7407		11
7408		205
7409		38
7410		63
7411		38
7412		243
7413		8
7414		127
7415		19
7416		29
7417		145
7418		52
7419		950
7420		11
7421		172
7422		53
7423		92
7424		212
7425		238
7426		36
7427		285
7428		18
7429		220
7430		80
7431		184
7432		121
7433		328
7434		312
7435		75
7436		49
7437		447
7438		118
7439		200
7440		72
7441		46
7442		117
7443		163
7444		12
7445		92
7446		93
7447		41
7448		173
7449		8
7450		55
7451		247
7452		48
7453		23
7454		117
7455		506
7456		164
7457		33
7458		34
7459		106
7460		28
7461		273
7462		88
7463		456
7464		52
7465		163
7466		498
7467		70
7468		68
7469		82
7470		85
7471		101
7472		40
7473		10
7474		58
7475		418
7476		70
7477		28
7478		28
7479		121
7480		154
7481		41
7482		107
7483		167
7484		89
7485		116
7486		65
7487		173
7488		524
7489		81
7490		157
7491		95
7492		96
7493		32
7494		230
7495		12
7496		186
7497		14
7498		65
7499		26
7500		79
7501		85
7502		49
7503		32
7504		256
7505		120
7506		137
7507		106
7508		86
7509		50
7510		162
7511		97
7512		156
7513		162
7514		208
7515		62
7516		162
7517		52
7518		70
7519		93
7520		114
7521		102
7522		51
7523		158
7524		13
7525		34
7526		78
7527		11
7528		97
7529		200
7530		51
7531		41
7532		156
7533		40
7534		136
7535		11
7536		314
7537		284
7538		50
7539		185
7540		251
7541		84
7542		85
7543		45
7544		23
7545		95
7546		58
7547		111
7548		70
7549		98
7550		173
7551		315
7552		34
7553		139
7554		19
7555		89
7556		7
7557		41
7558		36
7559		28
7560		152
7561		882
7562		9
7563		95
7564		61
7565		60
7566		37
7567		96
7568		11
7569		53
7570		382
7571		105
7572		10
7573		145
7574		13
7575		95
7576		57
7577		21
7578		238
7579		74
7580		97
7581		104
7582		66
7583		116
7584		184
7585		46
7586		40
7587		230
7588		30
7589		19
7590		84
7591		52
7592		56
7593		396
7594		205
7595		100
7596		505
7597		89
7598		17
7599		36
7600		13
7601		164
7602		26
7603		57
7604		195
7605		136
7606		287
7607		42
7608		51
7609		76
7610		379
7611		100
7612		106
7613		266
7614		136
7615		81
7616		239
7617		167
7618		91
7619		82
7620		210
7621		74
7622		34
7623		103
7624		104
7625		88
7626		187
7627		153
7628		64
7629		62
7630		10
7631		178
7632		82
7633		70
7634		20
7635		264
7636		160
7637		55
7638		85
7639		25
7640		179
7641		30
7642		127
7643		20
7644		124
7645		30
7646		32
7647		117
7648		5
7649		83
7650		280
7651		253
7652		91
7653		116
7654		150
7655		32
7656		42
7657		262
7658		416
7659		149
7660		22
7661		46
7662		15
7663		127
7664		16
7665		136
7666		338
7667		19
7668		9
7669		112
7670		226
7671		80
7672		54
7673		110
7674		444
7675		9
7676		57
7677		98
7678		33
7679		63
7680		199
7681		16
7682		176
7683		148
7684		27
7685		123
7686		95
7687		138
7688		205
7689		47
7690		146
7691		645
7692		43
7693		148
7694		121
7695		35
7696		96
7697		82
7698		109
7699		279
7700		107
7701		224
7702		161
7703		186
7704		108
7705		24
7706		122
7707		6
7708		19
7709		155
7710		172
7711		10
7712		11
7713		218
7714		76
7715		27
7716		12
7717		391
7718		112
7719		41
7720		204
7721		8
7722		220
7723		99
7724		26
7725		29
7726		93
7727		170
7728		223
7729		225
7730		17
7731		29
7732		69
7733		124
7734		343
7735		13
7736		99
7737		26
7738		243
7739		65
7740		26
7741		29
7742		83
7743		137
7744		336
7745		155
7746		165
7747		45
7748		157
7749		109
7750		35
7751		35
7752		130
7753		235
7754		143
7755		57
7756		11
7757		193
7758		22
7759		95
7760		74
7761		85
7762		549
7763		229
7764		44
7765		105
7766		60
7767		128
7768		315
7769		200
7770		26
7771		10
7772		197
7773		411
7774		255
7775		35
7776		118
7777		112
7778		49
7779		56
7780		100
7781		50
7782		155
7783		35
7784		106
7785		64
7786		66
7787		15
7788		193
7789		356
7790		74
7791		276
7792		49
7793		146
7794		46
7795		16
7796		14
7797		11
7798		28
7799		101
7800		35
7801		100
7802		106
7803		148
7804		106
7805		120
7806		28
7807		323
7808		140
7809		91
7810		36
7811		34
7812		205
7813		245
7814		73
7815		325
7816		46
7817		390
7818		46
7819		46
7820		58
7821		141
7822		66
7823		346
7824		19
7825		91
7826		182
7827		407
7828		437
7829		33
7830		23
7831		31
7832		25
7833		355
7834		35
7835		364
7836		41
7837		74
7838		246
7839		91
7840		98
7841		20
7842		72
7843		55
7844		139
7845		173
7846		83
7847		195
7848		57
7849		219
7850		36
7851		288
7852		452
7853		157
7854		52
7855		7
7856		9
7857		77
7858		143
7859		131
7860		150
7861		71
7862		320
7863		76
7864		62
7865		184
7866		60
7867		21
7868		107
7869		121
7870		235
7871		90
7872		14
7873		19
7874		469
7875		17
7876		85
7877		210
7878		15
7879		17
7880		37
7881		372
7882		82
7883		93
7884		461
7885		89
7886		154
7887		105
7888		126
7889		48
7890		42
7891		283
7892		13
7893		52
7894		145
7895		30
7896		23
7897		93
7898		109
7899		50
7900		28
7901		74
7902		268
7903		10
7904		22
7905		88
7906		55
7907		241
7908		514
7909		5
7910		37
7911		10
7912		80
7913		64
7914		40
7915		68
7916		113
7917		330
7918		62
7919		309
7920		423
7921		69
7922		47
7923		35
7924		74
7925		144
7926		198
7927		72
7928		22
7929		103
7930		609
7931		62
7932		21
7933		14
7934		183
7935		21
7936		14
7937		88
7938		197
7939		475
7940		51
7941		71
7942		571
7943		93
7944		97
7945		51
7946		329
7947		84
7948		357
7949		169
7950		147
7951		135
7952		20
7953		408
7954		13
7955		189
7956		15
7957		38
7958		76
7959		91
7960		99
7961		8
7962		140
7963		16
7964		149
7965		54
7966		326
7967		36
7968		8
7969		58
7970		53
7971		149
7972		145
7973		84
7974		103
7975		175
7976		71
7977		24
7978		53
7979		20
7980		39
7981		82
7982		231
7983		207
7984		37
7985		274
7986		242
7987		81
7988		24
7989		156
7990		52
7991		23
7992		67
7993		215
7994		34
7995		123
7996		106
7997		40
7998		41
7999		32
8000		120
8001		86
8002		123
8003		123
8004		155
8005		28
8006		308
8007		35
8008		117
8009		119
8010		36
8011		593
8012		16
8013		45
8014		17
8015		170
8016		48
8017		22
8018		380
8019		139
8020		72
8021		354
8022		123
8023		73
8024		287
8025		125
8026		243
8027		103
8028		23
8029		10
8030		62
8031		46
8032		133
8033		120
8034		20
8035		202
8036		121
8037		38
8038		172
8039		109
8040		45
8041		48
8042		348
8043		215
8044		110
8045		14
8046		5
8047		80
8048		90
8049		324
8050		52
8051		59
8052		112
8053		14
8054		102
8055		103
8056		161
8057		49
8058		60
8059		184
8060		78
8061		110
8062		23
8063		30
8064		154
8065		73
8066		335
8067		177
8068		101
8069		51
8070		119
8071		220
8072		57
8073		263
8074		56
8075		40
8076		11
8077		60
8078		72
8079		76
8080		93
8081		34
8082		18
8083		500
8084		54
8085		160
8086		122
8087		161
8088		92
8089		97
8090		40
8091		15
8092		47
8093		285
8094		197
8095		10
8096		49
8097		51
8098		2
8099		18
8100		104
8101		60
8102		81
8103		120
8104		74
8105		32
8106		66
8107		83
8108		162
8109		77
8110		81
8111		184
8112		344
8113		426
8114		36
8115		40
8116		40
8117		89
8118		136
8119		114
8120		234
8121		30
8122		29
8123		596
8124		31
8125		11
8126		8
8127		34
8128		114
8129		348
8130		318
8131		47
8132		70
8133		98
8134		13
8135		210
8136		508
8137		119
8138		24
8139		113
8140		48
8141		52
8142		81
8143		61
8144		38
8145		77
8146		184
8147		58
8148		41
8149		114
8150		108
8151		22
8152		53
8153		13
8154		150
8155		147
8156		92
8157		132
8158		78
8159		66
8160		66
8161		22
8162		8
8163		11
8164		66
8165		13
8166		244
8167		264
8168		23
8169		79
8170		150
8171		423
8172		69
8173		11
8174		22
8175		44
8176		159
8177		57
8178		170
8179		24
8180		132
8181		439
8182		129
8183		54
8184		231
8185		121
8186		142
8187		15
8188		378
8189		90
8190		78
8191		13
8192		171
8193		106
8194		12
8195		12
8196		16
8197		238
8198		82
8199		521
8200		131
8201		77
8202		47
8203		94
8204		853
8205		152
8206		230
8207		138
8208		186
8209		10
8210		157
8211		1
8212		74
8213		175
8214		22
8215		87
8216		20
8217		125
8218		56
8219		230
8220		227
8221		22
8222		196
8223		44
8224		40
8225		429
8226		144
8227		27
8228		283
8229		19
8230		89
8231		15
8232		13
8233		141
8234		18
8235		86
8236		17
8237		16
8238		138
8239		380
8240		55
8241		94
8242		103
8243		373
8244		303
8245		123
8246		109
8247		53
8248		244
8249		40
8250		128
8251		77
8252		50
8253		94
8254		155
8255		14
8256		81
8257		255
8258		189
8259		107
8260		191
8261		196
8262		79
8263		218
8264		49
8265		10
8266		113
8267		27
8268		308
8269		14
8270		186
8271		4
8272		212
8273		213
8274		88
8275		14
8276		316
8277		229
8278		9
8279		196
8280		32
8281		154
8282		39
8283		194
8284		15
8285		441
8286		95
8287		30
8288		148
8289		27
8290		28
8291		101
8292		14
8293		35
8294		111
8295		13
8296		214
8297		291
8298		388
8299		40
8300		32
8301		167
8302		46
8303		160
8304		32
8305		209
8306		119
8307		34
8308		167
8309		17
8310		90
8311		29
8312		77
8313		212
8314		205
8315		29
8316		54
8317		107
8318		166
8319		31
8320		331
8321		42
8322		31
8323		166
8324		117
8325		299
8326		14
8327		106
8328		367
8329		182
8330		5
8331		116
8332		286
8333		270
8334		42
8335		174
8336		105
8337		14
8338		121
8339		12
8340		62
8341		10
8342		41
8343		13
8344		174
8345		519
8346		187
8347		195
8348		253
8349		50
8350		16
8351		174
8352		111
8353		24
8354		141
8355		40
8356		80
8357		408
8358		66
8359		786
8360		104
8361		68
8362		347
8363		83
8364		244
8365		153
8366		39
8367		162
8368		223
8369		162
8370		21
8371		28
8372		45
8373		411
8374		52
8375		346
8376		264
8377		158
8378		9
8379		6
8380		459
8381		35
8382		259
8383		111
8384		269
8385		17
8386		11
8387		30
8388		57
8389		98
8390		67
8391		57
8392		10
8393		128
8394		117
8395		21
8396		102
8397		357
8398		223
8399		30
8400		89
8401		207
8402		93
8403		109
8404		690
8405		103
8406		27
8407		42
8408		442
8409		104
8410		25
8411		320
8412		17
8413		103
8414		264
8415		21
8416		59
8417		149
8418		385
8419		47
8420		180
8421		13
8422		493
8423		156
8424		455
8425		18
8426		138
8427		373
8428		71
8429		217
8430		178
8431		56
8432		202
8433		97
8434		463
8435		132
8436		116
8437		29
8438		41
8439		100
8440		33
8441		24
8442		122
8443		24
8444		61
8445		95
8446		54
8447		24
8448		229
8449		23
8450		51
8451		81
8452		153
8453		43
8454		15
8455		85
8456		79
8457		15
8458		232
8459		101
8460		18
8461		313
8462		538
8463		142
8464		244
8465		224
8466		95
8467		78
8468		23
8469		21
8470		80
8471		347
8472		180
8473		32
8474		20
8475		267
8476		146
8477		57
8478		17
8479		122
8480		387
8481		16
8482		107
8483		104
8484		254
8485		337
8486		22
8487		26
8488		134
8489		136
8490		6
8491		69
8492		61
8493		112
8494		44
8495		144
8496		244
8497		67
8498		27
8499		166
8500		37
8501		113
8502		26
8503		26
8504		73
8505		25
8506		37
8507		26
8508		165
8509		7
8510		21
8511		55
8512		34
8513		22
8514		31
8515		13
8516		236
8517		120
8518		188
8519		8
8520		121
8521		319
8522		100
8523		190
8524		355
8525		60
8526		37
8527		146
8528		146
8529		92
8530		189
8531		111
8532		234
8533		171
8534		202
8535		169
8536		72
8537		219
8538		359
8539		179
8540		51
8541		110
8542		286
8543		178
8544		15
8545		38
8546		60
8547		43
8548		9
8549		36
8550		30
8551		52
8552		105
8553		32
8554		123
8555		68
8556		14
8557		76
8558		25
8559		45
8560		144
8561		43
8562		176
8563		60
8564		16
8565		300
8566		86
8567		201
8568		264
8569		467
8570		312
8571		48
8572		144
8573		40
8574		59
8575		21
8576		28
8577		61
8578		16
8579		109
8580		186
8581		238
8582		17
8583		383
8584		338
8585		263
8586		51
8587		114
8588		72
8589		131
8590		157
8591		171
8592		78
8593		74
8594		81
8595		166
8596		317
8597		521
8598		43
8599		141
8600		48
8601		296
8602		26
8603		198
8604		88
8605		12
8606		135
8607		61
8608		46
8609		21
8610		79
8611		162
8612		37
8613		85
8614		51
8615		46
8616		77
8617		116
8618		14
8619		18
8620		46
8621		52
8622		176
8623		34
8624		335
8625		229
8626		50
8627		93
8628		74
8629		83
8630		106
8631		20
8632		316
8633		30
8634		231
8635		118
8636		74
8637		47
8638		737
8639		94
8640		65
8641		142
8642		72
8643		28
8644		66
8645		196
8646		24
8647		164
8648		33
8649		100
8650		35
8651		141
8652		24
8653		38
8654		79
8655		106
8656		18
8657		76
8658		73
8659		68
8660		41
8661		32
8662		14
8663		37
8664		17
8665		45
8666		159
8667		47
8668		175
8669		116
8670		32
8671		77
8672		169
8673		54
8674		141
8675		30
8676		110
8677		88
8678		64
8679		44
8680		202
8681		23
8682		375
8683		101
8684		242
8685		144
8686		68
8687		143
8688		669
8689		60
8690		62
8691		37
8692		61
8693		94
8694		324
8695		105
8696		14
8697		36
8698		284
8699		106
8700		170
8701		51
8702		25
8703		9
8704		343
8705		159
8706		7
8707		116
8708		45
8709		104
8710		82
8711		125
8712		61
8713		45
8714		238
8715		47
8716		48
8717		31
8718		82
8719		133
8720		211
8721		132
8722		37
8723		29
8724		296
8725		244
8726		40
8727		92
8728		193
8729		64
8730		10
8731		28
8732		15
8733		170
8734		82
8735		155
8736		127
8737		290
8738		8
8739		154
8740		102
8741		65
8742		12
8743		32
8744		411
8745		53
8746		73
8747		172
8748		99
8749		176
8750		234
8751		115
8752		148
8753		134
8754		50
8755		324
8756		17
8757		332
8758		16
8759		34
8760		18
8761		283
8762		52
8763		234
8764		49
8765		359
8766		113
8767		232
8768		110
8769		14
8770		244
8771		70
8772		131
8773		133
8774		162
8775		66
8776		98
8777		181
8778		184
8779		131
8780		123
8781		338
8782		289
8783		239
8784		48
8785		33
8786		181
8787		59
8788		155
8789		35
8790		97
8791		109
8792		64
8793		65
8794		71
8795		230
8796		54
8797		9
8798		208
8799		98
8800		370
8801		81
8802		96
8803		24
8804		68
8805		38
8806		10
8807		253
8808		147
8809		61
8810		340
8811		260
8812		21
8813		131
8814		25
8815		13
8816		25
8817		127
8818		208
8819		69
8820		124
8821		31
8822		8
8823		86
8824		144
8825		153
8826		64
8827		78
8828		92
8829		87
8830		317
8831		110
8832		21
8833		323
8834		2
8835		223
8836		415
8837		39
8838		52
8839		27
8840		51
8841		274
8842		111
8843		110
8844		271
8845		47
8846		191
8847		107
8848		128
8849		346
8850		55
8851		169
8852		60
8853		74
8854		52
8855		263
8856		79
8857		67
8858		65
8859		67
8860		169
8861		406
8862		27
8863		263
8864		45
8865		134
8866		113
8867		212
8868		94
8869		100
8870		105
8871		70
8872		52
8873		253
8874		32
8875		270
8876		156
8877		279
8878		89
8879		334
8880		305
8881		203
8882		116
8883		65
8884		9
8885		24
8886		133
8887		283
8888		57
8889		40
8890		99
8891		144
8892		50
8893		13
8894		150
8895		102
8896		27
8897		339
8898		230
8899		207
8900		33
8901		49
8902		94
8903		90
8904		26
8905		64
8906		41
8907		131
8908		54
8909		52
8910		11
8911		173
8912		25
8913		144
8914		105
8915		177
8916		159
8917		336
8918		45
8919		113
8920		78
8921		12
8922		57
8923		106
8924		88
8925		385
8926		154
8927		109
8928		121
8929		223
8930		124
8931		124
8932		77
8933		62
8934		90
8935		206
8936		61
8937		82
8938		105
8939		88
8940		115
8941		85
8942		143
8943		47
8944		103
8945		25
8946		66
8947		95
8948		160
8949		147
8950		193
8951		640
8952		85
8953		239
8954		13
8955		34
8956		81
8957		30
8958		119
8959		186
8960		40
8961		6
8962		19
8963		93
8964		83
8965		85
8966		492
8967		38
8968		46
8969		71
8970		137
8971		164
8972		95
8973		30
8974		33
8975		229
8976		53
8977		171
8978		25
8979		285
8980		77
8981		151
8982		62
8983		165
8984		2
8985		139
8986		258
8987		141
8988		14
8989		151
8990		81
8991		62
8992		4
8993		176
8994		164
8995		108
8996		139
8997		6
8998		16
8999		170
9000		256
9001		36
9002		93
9003		446
9004		233
9005		63
9006		17
9007		368
9008		79
9009		67
9010		61
9011		185
9012		119
9013		34
9014		249
9015		205
9016		22
9017		153
9018		107
9019		109
9020		171
9021		253
9022		431
9023		177
9024		86
9025		52
9026		337
9027		178
9028		53
9029		334
9030		181
9031		10
9032		121
9033		28
9034		172
9035		324
9036		87
9037		92
9038		182
9039		87
9040		123
9041		76
9042		26
9043		80
9044		33
9045		31
9046		50
9047		45
9048		8
9049		51
9050		64
9051		154
9052		166
9053		355
9054		160
9055		20
9056		207
9057		187
9058		489
9059		384
9060		78
9061		76
9062		138
9063		23
9064		175
9065		61
9066		47
9067		50
9068		259
9069		346
9070		637
9071		85
9072		42
9073		67
9074		35
9075		414
9076		153
9077		156
9078		109
9079		25
9080		108
9081		48
9082		168
9083		24
9084		5
9085		54
9086		70
9087		222
9088		53
9089		43
9090		80
9091		8
9092		27
9093		58
9094		53
9095		52
9096		242
9097		214
9098		72
9099		40
9100		58
9101		251
9102		73
9103		286
9104		72
9105		50
9106		89
9107		117
9108		12
9109		122
9110		49
9111		56
9112		10
9113		75
9114		235
9115		318
9116		48
9117		151
9118		47
9119		156
9120		268
9121		28
9122		99
9123		33
9124		251
9125		147
9126		664
9127		86
9128		233
9129		37
9130		85
9131		171
9132		337
9133		96
9134		66
9135		16
9136		90
9137		77
9138		37
9139		18
9140		145
9141		39
9142		42
9143		250
9144		128
9145		439
9146		213
9147		171
9148		21
9149		53
9150		48
9151		75
9152		206
9153		98
9154		89
9155		649
9156		71
9157		40
9158		111
9159		91
9160		324
9161		98
9162		91
9163		38
9164		198
9165		117
9166		21
9167		21
9168		55
9169		34
9170		8
9171		48
9172		183
9173		204
9174		19
9175		40
9176		8
9177		278
9178		123
9179		137
9180		125
9181		19
9182		39
9183		120
9184		54
9185		18
9186		130
9187		4
9188		119
9189		138
9190		205
9191		131
9192		74
9193		84
9194		70
9195		39
9196		130
9197		116
9198		164
9199		36
9200		40
9201		22
9202		23
9203		27
9204		98
9205		102
9206		216
9207		18
9208		56
9209		61
9210		94
9211		13
9212		194
9213		137
9214		21
9215		180
9216		48
9217		70
9218		38
9219		62
9220		88
9221		78
9222		97
9223		26
9224		153
9225		91
9226		58
9227		64
9228		11
9229		483
9230		69
9231		76
9232		744
9233		181
9234		23
9235		84
9236		189
9237		55
9238		5
9239		147
9240		60
9241		139
9242		40
9243		31
9244		295
9245		185
9246		163
9247		122
9248		73
9249		567
9250		49
9251		83
9252		95
9253		108
9254		414
9255		301
9256		68
9257		151
9258		19
9259		62
9260		70
9261		138
9262		250
9263		39
9264		27
9265		155
9266		125
9267		212
9268		27
9269		76
9270		32
9271		41
9272		83
9273		88
9274		16
9275		89
9276		155
9277		62
9278		33
9279		434
9280		268
9281		271
9282		17
9283		158
9284		90
9285		45
9286		37
9287		55
9288		152
9289		18
9290		166
9291		52
9292		155
9293		28
9294		16
9295		128
9296		80
9297		42
9298		81
9299		56
9300		106
9301		46
9302		33
9303		624
9304		12
9305		195
9306		119
9307		10
9308		95
9309		19
9310		16
9311		356
9312		117
9313		22
9314		14
9315		191
9316		537
9317		153
9318		138
9319		61
9320		227
9321		361
9322		22
9323		60
9324		81
9325		24
9326		78
9327		161
9328		283
9329		38
9330		155
9331		28
9332		338
9333		26
9334		136
9335		197
9336		76
9337		56
9338		108
9339		26
9340		81
9341		54
9342		287
9343		346
9344		50
9345		306
9346		21
9347		15
9348		46
9349		78
9350		519
9351		305
9352		18
9353		227
9354		9
9355		32
9356		367
9357		202
9358		321
9359		117
9360		226
9361		27
9362		20
9363		164
9364		94
9365		120
9366		14
9367		154
9368		58
9369		107
9370		147
9371		74
9372		41
9373		53
9374		120
9375		89
9376		1
9377		273
9378		96
9379		139
9380		80
9381		15
9382		51
9383		49
9384		136
9385		12
9386		143
9387		26
9388		24
9389		237
9390		25
9391		243
9392		197
9393		147
9394		334
9395		65
9396		64
9397		102
9398		149
9399		71
9400		49
9401		11
9402		296
9403		89
9404		105
9405		59
9406		65
9407		499
9408		128
9409		169
9410		170
9411		184
9412		38
9413		65
9414		214
9415		60
9416		94
9417		32
9418		27
9419		65
9420		99
9421		111
9422		69
9423		255
9424		164
9425		168
9426		66
9427		253
9428		44
9429		338
9430		102
9431		326
9432		225
9433		203
9434		97
9435		242
9436		142
9437		289
9438		13
9439		168
9440		16
9441		120
9442		170
9443		58
9444		60
9445		232
9446		534
9447		146
9448		72
9449		122
9450		164
9451		72
9452		126
9453		67
9454		113
9455		98
9456		175
9457		379
9458		20
9459		44
9460		135
9461		12
9462		167
9463		408
9464		28
9465		93
9466		114
9467		311
9468		12
9469		7
9470		65
9471		91
9472		40
9473		50
9474		98
9475		17
9476		149
9477		234
9478		10
9479		250
9480		151
9481		643
9482		44
9483		15
9484		147
9485		54
9486		33
9487		33
9488		29
9489		221
9490		84
9491		36
9492		52
9493		11
9494		133
9495		53
9496		44
9497		223
9498		150
9499		66
9500		21
9501		314
9502		14
9503		71
9504		74
9505		74
9506		137
9507		76
9508		46
9509		15
9510		80
9511		76
9512		63
9513		280
9514		61
9515		231
9516		153
9517		83
9518		220
9519		326
9520		34
9521		35
9522		262
9523		32
9524		130
9525		14
9526		16
9527		12
9528		93
9529		86
9530		36
9531		336
9532		43
9533		8
9534		40
9535		63
9536		43
9537		279
9538		157
9539		548
9540		16
9541		285
9542		41
9543		237
9544		288
9545		73
9546		95
9547		75
9548		35
9549		168
9550		225
9551		62
9552		90
9553		30
9554		93
9555		69
9556		23
9557		69
9558		9
9559		33
9560		57
9561		27
9562		26
9563		58
9564		156
9565		235
9566		67
9567		54
9568		74
9569		163
9570		320
9571		322
9572		204
9573		321
9574		65
9575		76
9576		25
9577		112
9578		287
9579		6
9580		20
9581		33
9582		141
9583		9
9584		31
9585		367
9586		23
9587		170
9588		37
9589		155
9590		27
9591		69
9592		11
9593		36
9594		67
9595		301
9596		79
9597		49
9598		683
9599		58
9600		80
9601		168
9602		126
9603		85
9604		160
9605		125
9606		91
9607		87
9608		34
9609		66
9610		273
9611		27
9612		12
9613		7
9614		266
9615		63
9616		25
9617		75
9618		54
9619		101
9620		342
9621		348
9622		589
9623		620
9624		145
9625		60
9626		87
9627		17
9628		162
9629		68
9630		150
9631		323
9632		46
9633		151
9634		232
9635		28
9636		157
9637		29
9638		106
9639		32
9640		8
9641		39
9642		23
9643		147
9644		29
9645		7
9646		220
9647		98
9648		33
9649		325
9650		399
9651		40
9652		96
9653		26
9654		11
9655		282
9656		144
9657		83
9658		68
9659		28
9660		90
9661		322
9662		102
9663		120
9664		31
9665		56
9666		630
9667		37
9668		447
9669		320
9670		54
9671		70
9672		158
9673		317
9674		197
9675		307
9676		179
9677		34
9678		55
9679		12
9680		18
9681		73
9682		19
9683		13
9684		81
9685		109
9686		301
9687		38
9688		54
9689		42
9690		391
9691		153
9692		160
9693		209
9694		16
9695		57
9696		45
9697		15
9698		218
9699		275
9700		24
9701		141
9702		31
9703		158
9704		105
9705		141
9706		46
9707		21
9708		167
9709		53
9710		46
9711		12
9712		21
9713		7
9714		31
9715		234
9716		123
9717		69
9718		146
9719		157
9720		110
9721		87
9722		19
9723		45
9724		346
9725		101
9726		273
9727		10
9728		373
9729		101
9730		22
9731		141
9732		305
9733		129
9734		187
9735		252
9736		104
9737		78
9738		11
9739		150
9740		22
9741		199
9742		57
9743		259
9744		100
9745		206
9746		86
9747		157
9748		47
9749		33
9750		22
9751		102
9752		349
9753		106
9754		387
9755		52
9756		157
9757		202
9758		65
9759		7
9760		148
9761		46
9762		202
9763		35
9764		83
9765		134
9766		58
9767		382
9768		35
9769		37
9770		143
9771		42
9772		64
9773		40
9774		95
9775		298
9776		38
9777		401
9778		379
9779		80
9780		165
9781		85
9782		161
9783		77
9784		328
9785		18
9786		496
9787		177
9788		115
9789		69
9790		66
9791		292
9792		107
9793		127
9794		63
9795		245
9796		46
9797		149
9798		108
9799		109
9800		46
9801		592
9802		5
9803		67
9804		226
9805		155
9806		415
9807		211
9808		31
9809		30
9810		55
9811		400
9812		141
9813		150
9814		88
9815		204
9816		214
9817		173
9818		335
9819		261
9820		240
9821		92
9822		309
9823		195
9824		26
9825		140
9826		136
9827		293
9828		41
9829		37
9830		272
9831		134
9832		53
9833		15
9834		15
9835		69
9836		79
9837		145
9838		14
9839		59
9840		334
9841		82
9842		111
9843		14
9844		115
9845		289
9846		79
9847		94
9848		19
9849		291
9850		618
9851		210
9852		62
9853		34
9854		128
9855		88
9856		60
9857		51
9858		53
9859		83
9860		43
9861		84
9862		44
9863		159
9864		45
9865		56
9866		95
9867		102
9868		26
9869		139
9870		34
9871		116
9872		91
9873		4
9874		30
9875		133
9876		178
9877		420
9878		50
9879		49
9880		131
9881		18
9882		110
9883		292
9884		10
9885		48
9886		43
9887		248
9888		47
9889		176
9890		105
9891		22
9892		31
9893		143
9894		184
9895		35
9896		126
9897		67
9898		21
9899		158
9900		34
9901		15
9902		56
9903		18
9904		208
9905		30
9906		247
9907		32
9908		218
9909		37
9910		67
9911		66
9912		223
9913		63
9914		44
9915		393
9916		31
9917		111
9918		366
9919		82
9920		86
9921		56
9922		317
9923		41
9924		160
9925		136
9926		26
9927		95
9928		12
9929		176
9930		144
9931		232
9932		327
9933		76
9934		180
9935		69
9936		172
9937		79
9938		51
9939		80
9940		57
9941		40
9942		63
9943		24
9944		3
9945		122
9946		31
9947		203
9948		134
9949		68
9950		80
9951		95
9952		79
9953		22
9954		264
9955		199
9956		117
9957		42
9958		260
9959		796
9960		633
9961		23
9962		400
9963		11
9964		19
9965		161
9966		125
9967		114
9968		134
9969		26
9970		90
9971		36
9972		20
9973		106
9974		46
9975		88
9976		25
9977		111
9978		31
9979		33
9980		145
9981		80
9982		113
9983		633
9984		17
9985		418
9986		275
9987		144
9988		243
9989		28
9990		165
9991		70
9992		157
9993		127
9994		43
9995		12
9996		230
9997		126
9998		36
9999		70
