0		0
1		427
2		741
3		524
4		529
5		438
6		531
7		335
8		547
9		497
10		546
11		519
12		456
13		475
14		304
15		464
16		764
17		375
18		468
19		546
20		493
21		567
22		503
23		631
24		549
25		449
26		771
27		318
28		528
29		598
30		721
31		562
32		591
33		426
34		475
35		466
36		726
37		508
38		517
39		439
40		572
41		880
42		564
43		464
44		577
45		487
46		532
47		567
48		777
49		583
50		717
51		521
52		492
53		495
54		489
55		533
56		548
57		556
58		549
59		537
60		415
61		539
62		756
63		603
64		445
65		419
66		521
67		516
68		623
69		538
70		419
71		425
72		470
73		495
74		481
75		498
76		663
77		463
78		583
79		525
80		603
81		349
82		431
83		424
84		763
85		653
86		546
87		536
88		713
89		559
90		640
91		357
92		951
93		465
94		564
95		513
96		554
97		686
98		509
99		515
100		409
101		980
102		483
103		430
104		613
105		634
106		616
107		652
108		651
109		724
110		547
111		674
112		656
113		595
114		688
115		536
116		547
117		422
118		446
119		558
120		563
121		519
122		365
123		419
124		603
125		486
126		558
127		736
128		880
129		577
130		590
131		531
132		364
133		773
134		549
135		712
136		530
137		679
138		438
139		353
140		630
141		540
142		599
143		562
144		455
145		597
146		430
147		566
148		652
149		623
150		464
151		457
152		602
153		496
154		582
155		510
156		597
157		435
158		460
159		791
160		735
161		483
162		370
163		572
164		611
165		656
166		364
167		348
168		500
169		556
170		520
171		491
172		596
173		806
174		416
175		543
176		614
177		588
178		534
179		402
180		481
181		471
182		557
183		643
184		368
185		564
186		533
187		675
188		462
189		472
190		557
191		509
192		623
193		637
194		510
195		654
196		420
197		588
198		531
199		579
200		461
201		959
202		567
203		512
204		675
205		437
206		570
207		564
208		633
209		760
210		613
211		908
212		508
213		571
214		503
215		521
216		487
217		437
218		440
219		651
220		535
221		535
222		561
223		621
224		471
225		509
226		550
227		410
228		583
229		681
230		593
231		475
232		681
233		533
234		568
235		515
236		409
237		510
238		667
239		716
240		491
241		663
242		536
243		397
244		474
245		591
246		557
247		525
248		411
249		495
250		446
251		863
252		490
253		490
254		411
255		505
256		435
257		498
258		651
259		424
260		555
261		559
262		804
263		464
264		554
265		423
266		521
267		537
268		594
269		464
270		672
271		545
272		705
273		743
274		480
275		686
276		642
277		491
278		822
279		448
280		413
281		718
282		721
283		521
284		586
285		585
286		366
287		436
288		553
289		716
290		589
291		510
292		534
293		581
294		437
295		749
296		547
297		398
298		704
299		489
300		382
301		476
302		585
303		861
304		437
305		462
306		574
307		572
308		473
309		494
310		335
311		515
312		541
313		641
314		602
315		477
316		569
317		503
318		494
319		597
320		449
321		606
322		491
323		523
324		552
325		620
326		569
327		546
328		503
329		491
330		617
331		553
332		524
333		616
334		481
335		520
336		405
337		437
338		514
339		444
340		506
341		674
342		572
343		423
344		504
345		518
346		565
347		635
348		554
349		670
350		528
351		551
352		546
353		555
354		443
355		508
356		646
357		677
358		502
359		471
360		482
361		699
362		663
363		523
364		505
365		901
366		447
367		450
368		542
369		423
370		439
371		450
372		678
373		399
374		509
375		643
376		636
377		566
378		633
379		405
380		659
381		744
382		645
383		739
384		648
385		604
386		450
387		530
388		637
389		930
390		550
391		554
392		538
393		645
394		490
395		668
396		788
397		464
398		591
399		473
400		625
401		415
402		432
403		368
404		563
405		570
406		578
407		607
408		590
409		569
410		548
411		576
412		640
413		555
414		441
415		626
416		550
417		549
418		390
419		755
420		537
421		499
422		613
423		487
424		546
425		490
426		564
427		617
428		577
429		517
430		508
431		559
432		888
433		399
434		428
435		486
436		709
437		478
438		684
439		617
440		650
441		538
442		591
443		530
444		501
445		665
446		520
447		415
448		227
449		450
450		485
451		564
452		645
453		682
454		523
455		623
456		628
457		679
458		523
459		584
460		587
461		543
462		509
463		440
464		470
465		706
466		632
467		546
468		650
469		600
470		485
471		715
472		565
473		551
474		487
475		626
476		496
477		531
478		500
479		524
480		828
481		341
482		570
483		485
484		474
485		435
486		818
487		715
488		539
489		514
490		612
491		490
492		522
493		536
494		504
495		463
496		485
497		617
498		732
499		497
500		472
501		696
502		577
503		544
504		444
505		494
506		373
507		121
508		503
509		578
510		755
511		551
512		457
513		503
514		621
515		521
516		598
517		572
518		581
519		419
520		491
521		642
522		616
523		492
524		823
525		770
526		621
527		501
528		774
529		674
530		706
531		637
532		884
533		796
534		496
535		497
536		473
537		547
538		665
539		517
540		555
541		561
542		521
543		467
544		631
545		450
546		650
547		516
548		529
549		546
550		687
551		685
552		472
553		521
554		926
555		834
556		666
557		420
558		730
559		544
560		560
561		669
562		581
563		598
564		413
565		684
566		501
567		628
568		464
569		438
570		561
571		364
572		647
573		456
574		619
575		895
576		461
577		422
578		451
579		489
580		635
581		615
582		664
583		584
584		530
585		741
586		499
587		527
588		379
589		709
590		520
591		476
592		522
593		446
594		803
595		740
596		636
597		525
598		713
599		461
600		402
601		686
602		236
603		531
604		492
605		691
606		461
607		553
608		494
609		451
610		526
611		609
612		361
613		544
614		658
615		416
616		536
617		575
618		835
619		512
620		618
621		534
622		533
623		669
624		600
625		477
626		781
627		493
628		614
629		833
630		577
631		423
632		577
633		788
634		735
635		580
636		579
637		796
638		472
639		491
640		569
641		582
642		527
643		651
644		473
645		554
646		470
647		532
648		546
649		592
650		566
651		746
652		707
653		479
654		687
655		434
656		637
657		575
658		553
659		518
660		558
661		392
662		570
663		558
664		766
665		476
666		774
667		536
668		249
669		466
670		763
671		491
672		520
673		509
674		568
675		526
676		622
677		517
678		507
679		656
680		673
681		536
682		376
683		555
684		651
685		519
686		424
687		537
688		499
689		414
690		822
691		597
692		547
693		468
694		472
695		605
696		504
697		605
698		767
699		455
700		581
701		457
702		616
703		552
704		561
705		231
706		372
707		558
708		558
709		566
710		538
711		599
712		718
713		773
714		627
715		565
716		488
717		730
718		546
719		510
720		601
721		605
722		627
723		362
724		545
725		635
726		696
727		643
728		284
729		527
730		668
731		367
732		666
733		623
734		531
735		311
736		524
737		607
738		584
739		684
740		648
741		701
742		530
743		572
744		385
745		579
746		685
747		551
748		680
749		571
750		465
751		368
752		563
753		699
754		542
755		500
756		550
757		828
758		483
759		687
760		510
761		516
762		974
763		491
764		828
765		809
766		595
767		440
768		499
769		628
770		628
771		644
772		480
773		490
774		389
775		554
776		457
777		688
778		620
779		553
780		480
781		392
782		791
783		426
784		567
785		551
786		589
787		702
788		750
789		570
790		509
791		683
792		730
793		617
794		756
795		516
796		484
797		444
798		506
799		515
800		642
801		436
802		643
803		544
804		540
805		563
806		472
807		497
808		733
809		566
810		518
811		514
812		591
813		460
814		467
815		643
816		673
817		628
818		489
819		618
820		231
821		544
822		492
823		695
824		476
825		531
826		476
827		661
828		414
829		1157
830		581
831		265
832		494
833		559
834		378
835		523
836		657
837		567
838		745
839		623
840		262
841		517
842		1021
843		698
844		506
845		608
846		646
847		654
848		608
849		841
850		447
851		536
852		894
853		706
854		471
855		538
856		506
857		517
858		693
859		599
860		445
861		641
862		379
863		562
864		429
865		475
866		953
867		608
868		492
869		581
870		710
871		720
872		482
873		406
874		562
875		566
876		389
877		768
878		472
879		563
880		659
881		426
882		513
883		484
884		515
885		672
886		513
887		501
888		422
889		743
890		805
891		533
892		880
893		486
894		507
895		726
896		395
897		684
898		515
899		558
900		553
901		633
902		558
903		574
904		497
905		675
906		517
907		546
908		391
909		481
910		648
911		522
912		704
913		471
914		493
915		542
916		461
917		456
918		571
919		802
920		764
921		539
922		462
923		718
924		563
925		687
926		575
927		597
928		976
929		481
930		821
931		459
932		428
933		497
934		482
935		557
936		655
937		556
938		821
939		496
940		796
941		517
942		425
943		571
944		455
945		577
946		565
947		657
948		736
949		544
950		495
951		427
952		867
953		511
954		694
955		584
956		551
957		469
958		467
959		523
960		480
961		532
962		580
963		518
964		440
965		465
966		481
967		508
968		485
969		522
970		494
971		631
972		450
973		458
974		655
975		345
976		631
977		611
978		710
979		429
980		512
981		559
982		696
983		507
984		644
985		559
986		583
987		677
988		548
989		606
990		637
991		463
992		500
993		524
994		574
995		530
996		427
997		631
998		504
999		597
1000		603
1001		514
1002		512
1003		539
1004		481
1005		517
1006		455
1007		638
1008		519
1009		856
1010		496
1011		637
1012		547
1013		821
1014		583
1015		472
1016		625
1017		505
1018		548
1019		606
1020		339
1021		624
1022		609
1023		468
1024		559
1025		722
1026		429
1027		810
1028		515
1029		549
1030		612
1031		490
1032		555
1033		517
1034		456
1035		586
1036		507
1037		528
1038		685
1039		634
1040		510
1041		546
1042		474
1043		462
1044		542
1045		611
1046		492
1047		478
1048		759
1049		546
1050		572
1051		471
1052		486
1053		472
1054		685
1055		537
1056		535
1057		568
1058		641
1059		327
1060		661
1061		574
1062		794
1063		597
1064		541
1065		528
1066		488
1067		439
1068		476
1069		576
1070		327
1071		612
1072		568
1073		447
1074		434
1075		412
1076		511
1077		537
1078		467
1079		514
1080		602
1081		697
1082		611
1083		501
1084		638
1085		675
1086		411
1087		601
1088		420
1089		617
1090		535
1091		663
1092		543
1093		532
1094		475
1095		574
1096		482
1097		562
1098		337
1099		548
1100		690
1101		600
1102		556
1103		715
1104		474
1105		663
1106		509
1107		518
1108		646
1109		627
1110		475
1111		563
1112		621
1113		400
1114		405
1115		538
1116		575
1117		564
1118		468
1119		584
1120		488
1121		503
1122		531
1123		581
1124		565
1125		737
1126		430
1127		560
1128		410
1129		660
1130		518
1131		410
1132		463
1133		1051
1134		611
1135		687
1136		506
1137		656
1138		485
1139		400
1140		538
1141		511
1142		755
1143		583
1144		533
1145		530
1146		801
1147		571
1148		564
1149		754
1150		526
1151		638
1152		558
1153		430
1154		710
1155		559
1156		625
1157		584
1158		580
1159		569
1160		674
1161		430
1162		529
1163		562
1164		511
1165		545
1166		553
1167		573
1168		517
1169		437
1170		607
1171		530
1172		533
1173		600
1174		523
1175		645
1176		666
1177		553
1178		527
1179		603
1180		682
1181		567
1182		799
1183		687
1184		528
1185		465
1186		597
1187		503
1188		502
1189		498
1190		459
1191		421
1192		594
1193		409
1194		673
1195		455
1196		452
1197		515
1198		572
1199		615
1200		504
1201		451
1202		565
1203		509
1204		721
1205		638
1206		515
1207		480
1208		311
1209		435
1210		426
1211		886
1212		584
1213		543
1214		602
1215		521
1216		520
1217		486
1218		590
1219		556
1220		704
1221		734
1222		670
1223		582
1224		498
1225		507
1226		562
1227		508
1228		603
1229		543
1230		794
1231		589
1232		440
1233		504
1234		551
1235		505
1236		533
1237		484
1238		596
1239		542
1240		591
1241		577
1242		475
1243		629
1244		512
1245		645
1246		517
1247		489
1248		499
1249		453
1250		523
1251		552
1252		627
1253		497
1254		579
1255		669
1256		483
1257		504
1258		439
1259		597
1260		613
1261		264
1262		750
1263		571
1264		530
1265		478
1266		572
1267		688
1268		616
1269		528
1270		614
1271		593
1272		339
1273		600
1274		530
1275		609
1276		740
1277		511
1278		669
1279		469
1280		558
1281		543
1282		525
1283		542
1284		628
1285		527
1286		480
1287		852
1288		523
1289		607
1290		455
1291		633
1292		598
1293		512
1294		540
1295		658
1296		799
1297		530
1298		533
1299		684
1300		417
1301		803
1302		528
1303		483
1304		697
1305		503
1306		590
1307		527
1308		545
1309		622
1310		632
1311		646
1312		532
1313		618
1314		560
1315		551
1316		429
1317		578
1318		628
1319		468
1320		531
1321		592
1322		549
1323		548
1324		582
1325		639
1326		796
1327		961
1328		874
1329		490
1330		710
1331		649
1332		597
1333		868
1334		477
1335		567
1336		532
1337		589
1338		610
1339		554
1340		581
1341		481
1342		723
1343		469
1344		660
1345		553
1346		512
1347		724
1348		588
1349		586
1350		497
1351		663
1352		632
1353		674
1354		550
1355		556
1356		812
1357		438
1358		267
1359		595
1360		626
1361		686
1362		683
1363		564
1364		588
1365		439
1366		569
1367		559
1368		709
1369		542
1370		562
1371		667
1372		568
1373		573
1374		552
1375		893
1376		568
1377		261
1378		458
1379		461
1380		525
1381		515
1382		497
1383		522
1384		517
1385		524
1386		541
1387		775
1388		541
1389		601
1390		737
1391		405
1392		543
1393		481
1394		696
1395		599
1396		485
1397		476
1398		496
1399		468
1400		568
1401		637
1402		345
1403		536
1404		615
1405		719
1406		643
1407		612
1408		587
1409		548
1410		507
1411		561
1412		719
1413		434
1414		768
1415		447
1416		766
1417		758
1418		352
1419		692
1420		443
1421		590
1422		618
1423		472
1424		706
1425		554
1426		405
1427		505
1428		526
1429		494
1430		530
1431		780
1432		564
1433		536
1434		569
1435		690
1436		420
1437		593
1438		583
1439		562
1440		584
1441		667
1442		540
1443		578
1444		525
1445		527
1446		697
1447		581
1448		628
1449		486
1450		786
1451		468
1452		528
1453		496
1454		573
1455		510
1456		549
1457		489
1458		496
1459		511
1460		479
1461		589
1462		666
1463		490
1464		518
1465		656
1466		611
1467		422
1468		598
1469		680
1470		416
1471		491
1472		525
1473		547
1474		694
1475		704
1476		518
1477		641
1478		363
1479		471
1480		719
1481		709
1482		536
1483		689
1484		425
1485		488
1486		588
1487		549
1488		593
1489		653
1490		445
1491		590
1492		668
1493		562
1494		568
1495		487
1496		580
1497		881
1498		552
1499		1012
1500		435
1501		651
1502		594
1503		395
1504		598
1505		573
1506		576
1507		585
1508		339
1509		442
1510		499
1511		635
1512		561
1513		464
1514		585
1515		609
1516		539
1517		559
1518		549
1519		686
1520		465
1521		469
1522		556
1523		454
1524		472
1525		545
1526		673
1527		623
1528		574
1529		551
1530		886
1531		503
1532		569
1533		699
1534		493
1535		600
1536		548
1537		612
1538		752
1539		489
1540		644
1541		608
1542		509
1543		560
1544		548
1545		635
1546		514
1547		543
1548		549
1549		415
1550		568
1551		531
1552		487
1553		537
1554		673
1555		516
1556		403
1557		501
1558		573
1559		559
1560		650
1561		570
1562		504
1563		565
1564		477
1565		617
1566		613
1567		525
1568		626
1569		496
1570		565
1571		689
1572		621
1573		771
1574		540
1575		621
1576		495
1577		533
1578		671
1579		507
1580		548
1581		553
1582		478
1583		573
1584		452
1585		664
1586		614
1587		718
1588		481
1589		531
1590		444
1591		497
1592		677
1593		442
1594		711
1595		562
1596		518
1597		456
1598		696
1599		705
1600		581
1601		555
1602		381
1603		751
1604		672
1605		547
1606		1031
1607		538
1608		438
1609		569
1610		566
1611		513
1612		385
1613		538
1614		305
1615		618
1616		655
1617		571
1618		564
1619		479
1620		477
1621		650
1622		381
1623		669
1624		483
1625		591
1626		342
1627		472
1628		546
1629		587
1630		519
1631		565
1632		506
1633		554
1634		669
1635		586
1636		1031
1637		547
1638		690
1639		545
1640		264
1641		492
1642		592
1643		426
1644		662
1645		728
1646		483
1647		620
1648		541
1649		563
1650		640
1651		455
1652		681
1653		527
1654		477
1655		567
1656		453
1657		532
1658		620
1659		421
1660		529
1661		580
1662		771
1663		563
1664		447
1665		552
1666		516
1667		752
1668		307
1669		587
1670		535
1671		561
1672		505
1673		630
1674		709
1675		587
1676		539
1677		549
1678		502
1679		683
1680		641
1681		599
1682		648
1683		525
1684		515
1685		556
1686		483
1687		604
1688		500
1689		537
1690		540
1691		931
1692		560
1693		596
1694		566
1695		498
1696		546
1697		535
1698		724
1699		485
1700		666
1701		613
1702		502
1703		487
1704		585
1705		562
1706		469
1707		504
1708		415
1709		497
1710		665
1711		443
1712		526
1713		333
1714		414
1715		915
1716		538
1717		737
1718		716
1719		559
1720		354
1721		927
1722		487
1723		558
1724		449
1725		549
1726		450
1727		500
1728		571
1729		431
1730		634
1731		342
1732		511
1733		889
1734		603
1735		658
1736		601
1737		550
1738		579
1739		487
1740		487
1741		516
1742		499
1743		381
1744		742
1745		590
1746		495
1747		554
1748		511
1749		337
1750		515
1751		538
1752		462
1753		543
1754		725
1755		635
1756		582
1757		517
1758		633
1759		819
1760		787
1761		509
1762		546
1763		602
1764		475
1765		500
1766		583
1767		453
1768		517
1769		707
1770		504
1771		509
1772		503
1773		577
1774		468
1775		609
1776		747
1777		491
1778		560
1779		579
1780		723
1781		507
1782		495
1783		453
1784		495
1785		680
1786		555
1787		652
1788		512
1789		591
1790		722
1791		535
1792		436
1793		494
1794		489
1795		540
1796		523
1797		428
1798		510
1799		617
1800		541
1801		685
1802		483
1803		524
1804		707
1805		463
1806		470
1807		574
1808		410
1809		494
1810		629
1811		625
1812		605
1813		593
1814		641
1815		837
1816		653
1817		611
1818		640
1819		541
1820		501
1821		561
1822		530
1823		522
1824		515
1825		720
1826		648
1827		374
1828		551
1829		550
1830		674
1831		576
1832		580
1833		451
1834		553
1835		442
1836		602
1837		604
1838		480
1839		490
1840		510
1841		392
1842		481
1843		450
1844		522
1845		467
1846		540
1847		505
1848		566
1849		500
1850		467
1851		596
1852		609
1853		626
1854		416
1855		565
1856		470
1857		500
1858		523
1859		489
1860		316
1861		587
1862		544
1863		507
1864		499
1865		639
1866		565
1867		583
1868		521
1869		557
1870		550
1871		681
1872		644
1873		488
1874		673
1875		546
1876		438
1877		625
1878		515
1879		544
1880		476
1881		715
1882		596
1883		572
1884		556
1885		480
1886		422
1887		638
1888		652
1889		479
1890		487
1891		712
1892		545
1893		480
1894		682
1895		591
1896		567
1897		649
1898		773
1899		832
1900		514
1901		394
1902		525
1903		644
1904		905
1905		652
1906		414
1907		601
1908		924
1909		679
1910		493
1911		603
1912		551
1913		575
1914		578
1915		704
1916		639
1917		836
1918		679
1919		538
1920		606
1921		565
1922		538
1923		556
1924		691
1925		842
1926		502
1927		576
1928		837
1929		473
1930		434
1931		529
1932		567
1933		514
1934		696
1935		497
1936		452
1937		526
1938		594
1939		379
1940		624
1941		498
1942		469
1943		522
1944		552
1945		747
1946		539
1947		824
1948		532
1949		582
1950		529
1951		478
1952		931
1953		807
1954		496
1955		506
1956		675
1957		413
1958		575
1959		533
1960		537
1961		547
1962		418
1963		556
1964		697
1965		548
1966		709
1967		496
1968		533
1969		499
1970		780
1971		511
1972		560
1973		533
1974		542
1975		639
1976		677
1977		496
1978		508
1979		627
1980		453
1981		559
1982		685
1983		521
1984		460
1985		584
1986		538
1987		419
1988		548
1989		572
1990		477
1991		517
1992		635
1993		470
1994		447
1995		463
1996		661
1997		512
1998		585
1999		708
2000		402
2001		554
2002		517
2003		492
2004		593
2005		658
2006		580
2007		607
2008		619
2009		528
2010		548
2011		580
2012		556
2013		488
2014		556
2015		442
2016		610
2017		426
2018		564
2019		488
2020		501
2021		579
2022		527
2023		430
2024		488
2025		397
2026		619
2027		463
2028		551
2029		427
2030		457
2031		534
2032		491
2033		515
2034		568
2035		424
2036		495
2037		551
2038		699
2039		607
2040		455
2041		784
2042		493
2043		570
2044		433
2045		789
2046		592
2047		531
2048		475
2049		445
2050		474
2051		453
2052		585
2053		676
2054		664
2055		291
2056		626
2057		514
2058		556
2059		597
2060		597
2061		583
2062		505
2063		533
2064		466
2065		447
2066		514
2067		693
2068		542
2069		641
2070		449
2071		957
2072		604
2073		516
2074		564
2075		462
2076		675
2077		490
2078		521
2079		545
2080		486
2081		382
2082		534
2083		580
2084		576
2085		777
2086		539
2087		353
2088		505
2089		467
2090		936
2091		649
2092		329
2093		703
2094		564
2095		549
2096		532
2097		555
2098		691
2099		375
2100		626
2101		576
2102		515
2103		360
2104		541
2105		701
2106		424
2107		434
2108		432
2109		683
2110		679
2111		615
2112		463
2113		501
2114		664
2115		740
2116		537
2117		537
2118		544
2119		525
2120		484
2121		451
2122		457
2123		711
2124		566
2125		530
2126		557
2127		519
2128		575
2129		408
2130		673
2131		627
2132		549
2133		555
2134		530
2135		520
2136		486
2137		368
2138		523
2139		437
2140		579
2141		453
2142		542
2143		520
2144		565
2145		448
2146		727
2147		841
2148		754
2149		609
2150		618
2151		635
2152		684
2153		534
2154		507
2155		480
2156		491
2157		625
2158		482
2159		581
2160		605
2161		527
2162		599
2163		568
2164		687
2165		381
2166		473
2167		625
2168		470
2169		696
2170		741
2171		478
2172		542
2173		509
2174		503
2175		594
2176		697
2177		349
2178		554
2179		580
2180		535
2181		364
2182		538
2183		557
2184		682
2185		479
2186		530
2187		516
2188		594
2189		453
2190		669
2191		573
2192		435
2193		485
2194		509
2195		645
2196		709
2197		764
2198		511
2199		516
2200		478
2201		495
2202		523
2203		366
2204		519
2205		637
2206		641
2207		554
2208		615
2209		445
2210		574
2211		626
2212		676
2213		513
2214		443
2215		499
2216		601
2217		542
2218		582
2219		553
2220		492
2221		824
2222		434
2223		642
2224		573
2225		527
2226		844
2227		545
2228		604
2229		578
2230		656
2231		356
2232		587
2233		562
2234		485
2235		432
2236		419
2237		490
2238		885
2239		588
2240		595
2241		629
2242		520
2243		488
2244		326
2245		777
2246		519
2247		824
2248		583
2249		408
2250		343
2251		554
2252		568
2253		758
2254		732
2255		561
2256		820
2257		482
2258		728
2259		489
2260		538
2261		423
2262		577
2263		520
2264		585
2265		581
2266		454
2267		418
2268		554
2269		621
2270		474
2271		545
2272		554
2273		378
2274		999
2275		652
2276		475
2277		408
2278		563
2279		718
2280		565
2281		740
2282		487
2283		904
2284		506
2285		544
2286		643
2287		534
2288		604
2289		527
2290		526
2291		557
2292		473
2293		954
2294		541
2295		550
2296		860
2297		498
2298		566
2299		434
2300		680
2301		460
2302		483
2303		601
2304		480
2305		546
2306		406
2307		490
2308		538
2309		771
2310		515
2311		377
2312		609
2313		539
2314		520
2315		517
2316		680
2317		420
2318		543
2319		548
2320		595
2321		494
2322		555
2323		753
2324		486
2325		536
2326		445
2327		815
2328		327
2329		493
2330		572
2331		531
2332		666
2333		550
2334		483
2335		621
2336		799
2337		524
2338		569
2339		433
2340		621
2341		501
2342		464
2343		745
2344		612
2345		504
2346		646
2347		496
2348		719
2349		687
2350		571
2351		525
2352		493
2353		464
2354		564
2355		630
2356		518
2357		527
2358		501
2359		603
2360		476
2361		679
2362		520
2363		675
2364		639
2365		529
2366		744
2367		468
2368		503
2369		566
2370		782
2371		602
2372		635
2373		567
2374		471
2375		544
2376		613
2377		502
2378		600
2379		483
2380		407
2381		665
2382		436
2383		612
2384		530
2385		523
2386		686
2387		465
2388		540
2389		697
2390		808
2391		656
2392		580
2393		632
2394		628
2395		525
2396		450
2397		529
2398		488
2399		597
2400		418
2401		520
2402		753
2403		550
2404		446
2405		561
2406		542
2407		542
2408		452
2409		642
2410		1038
2411		428
2412		321
2413		489
2414		521
2415		535
2416		896
2417		523
2418		443
2419		306
2420		419
2421		588
2422		454
2423		493
2424		442
2425		650
2426		308
2427		517
2428		575
2429		550
2430		711
2431		616
2432		391
2433		597
2434		717
2435		619
2436		546
2437		711
2438		541
2439		671
2440		545
2441		522
2442		497
2443		586
2444		597
2445		547
2446		586
2447		603
2448		936
2449		623
2450		615
2451		550
2452		490
2453		566
2454		627
2455		828
2456		526
2457		617
2458		561
2459		664
2460		439
2461		480
2462		512
2463		633
2464		639
2465		546
2466		527
2467		437
2468		503
2469		516
2470		480
2471		581
2472		479
2473		671
2474		545
2475		625
2476		563
2477		507
2478		726
2479		445
2480		720
2481		446
2482		340
2483		429
2484		545
2485		601
2486		403
2487		617
2488		542
2489		476
2490		645
2491		533
2492		535
2493		436
2494		509
2495		641
2496		655
2497		518
2498		478
2499		334
2500		924
2501		665
2502		612
2503		431
2504		442
2505		625
2506		731
2507		572
2508		551
2509		518
2510		474
2511		511
2512		601
2513		687
2514		767
2515		576
2516		475
2517		335
2518		566
2519		697
2520		599
2521		391
2522		579
2523		475
2524		483
2525		625
2526		518
2527		677
2528		562
2529		554
2530		769
2531		432
2532		500
2533		443
2534		439
2535		448
2536		624
2537		572
2538		621
2539		548
2540		444
2541		592
2542		489
2543		704
2544		579
2545		480
2546		439
2547		429
2548		448
2549		580
2550		485
2551		573
2552		529
2553		581
2554		484
2555		440
2556		532
2557		385
2558		493
2559		480
2560		455
2561		503
2562		515
2563		487
2564		788
2565		504
2566		548
2567		609
2568		619
2569		597
2570		649
2571		623
2572		583
2573		585
2574		387
2575		622
2576		564
2577		542
2578		568
2579		674
2580		525
2581		433
2582		519
2583		742
2584		654
2585		634
2586		501
2587		532
2588		341
2589		571
2590		602
2591		512
2592		540
2593		485
2594		858
2595		772
2596		610
2597		603
2598		544
2599		747
2600		390
2601		691
2602		606
2603		540
2604		481
2605		562
2606		432
2607		374
2608		653
2609		495
2610		495
2611		634
2612		512
2613		538
2614		537
2615		492
2616		700
2617		477
2618		582
2619		559
2620		508
2621		604
2622		598
2623		515
2624		534
2625		844
2626		551
2627		630
2628		586
2629		597
2630		577
2631		506
2632		485
2633		505
2634		531
2635		468
2636		737
2637		542
2638		1140
2639		553
2640		545
2641		702
2642		564
2643		397
2644		724
2645		505
2646		657
2647		513
2648		535
2649		537
2650		585
2651		530
2652		378
2653		652
2654		503
2655		545
2656		427
2657		576
2658		569
2659		523
2660		499
2661		548
2662		490
2663		480
2664		664
2665		519
2666		531
2667		550
2668		735
2669		562
2670		502
2671		496
2672		491
2673		755
2674		484
2675		606
2676		426
2677		597
2678		530
2679		865
2680		426
2681		616
2682		727
2683		475
2684		608
2685		466
2686		690
2687		333
2688		512
2689		442
2690		414
2691		543
2692		723
2693		671
2694		426
2695		583
2696		783
2697		902
2698		558
2699		479
2700		463
2701		600
2702		576
2703		451
2704		449
2705		520
2706		594
2707		677
2708		441
2709		648
2710		606
2711		198
2712		561
2713		760
2714		562
2715		556
2716		536
2717		357
2718		553
2719		762
2720		587
2721		538
2722		561
2723		945
2724		496
2725		577
2726		491
2727		477
2728		385
2729		269
2730		568
2731		523
2732		581
2733		521
2734		544
2735		533
2736		406
2737		558
2738		749
2739		473
2740		491
2741		576
2742		472
2743		807
2744		558
2745		616
2746		531
2747		570
2748		587
2749		471
2750		314
2751		353
2752		401
2753		586
2754		475
2755		459
2756		538
2757		333
2758		535
2759		620
2760		464
2761		498
2762		523
2763		549
2764		534
2765		466
2766		264
2767		576
2768		454
2769		625
2770		614
2771		596
2772		631
2773		512
2774		455
2775		609
2776		558
2777		540
2778		790
2779		715
2780		611
2781		534
2782		516
2783		583
2784		854
2785		573
2786		461
2787		733
2788		515
2789		634
2790		523
2791		486
2792		623
2793		623
2794		890
2795		533
2796		766
2797		606
2798		650
2799		553
2800		481
2801		445
2802		395
2803		518
2804		445
2805		787
2806		510
2807		978
2808		694
2809		628
2810		621
2811		506
2812		537
2813		565
2814		462
2815		492
2816		410
2817		488
2818		692
2819		712
2820		571
2821		584
2822		383
2823		672
2824		484
2825		607
2826		441
2827		469
2828		563
2829		580
2830		541
2831		453
2832		544
2833		619
2834		561
2835		518
2836		581
2837		545
2838		503
2839		856
2840		574
2841		968
2842		527
2843		666
2844		557
2845		434
2846		468
2847		490
2848		495
2849		667
2850		539
2851		648
2852		600
2853		443
2854		534
2855		606
2856		515
2857		573
2858		561
2859		673
2860		489
2861		494
2862		468
2863		524
2864		540
2865		820
2866		449
2867		630
2868		569
2869		538
2870		528
2871		567
2872		552
2873		431
2874		539
2875		588
2876		515
2877		597
2878		498
2879		541
2880		507
2881		568
2882		577
2883		519
2884		608
2885		581
2886		549
2887		719
2888		561
2889		577
2890		573
2891		466
2892		600
2893		476
2894		543
2895		500
2896		546
2897		422
2898		554
2899		416
2900		526
2901		530
2902		574
2903		602
2904		611
2905		667
2906		375
2907		559
2908		607
2909		546
2910		803
2911		493
2912		548
2913		475
2914		579
2915		657
2916		481
2917		471
2918		409
2919		472
2920		703
2921		496
2922		671
2923		514
2924		495
2925		625
2926		866
2927		484
2928		682
2929		512
2930		509
2931		557
2932		460
2933		606
2934		532
2935		635
2936		595
2937		405
2938		652
2939		525
2940		539
2941		553
2942		869
2943		464
2944		597
2945		593
2946		664
2947		504
2948		558
2949		557
2950		546
2951		614
2952		519
2953		601
2954		435
2955		614
2956		575
2957		487
2958		535
2959		446
2960		664
2961		685
2962		632
2963		515
2964		630
2965		514
2966		622
2967		622
2968		543
2969		792
2970		451
2971		695
2972		620
2973		713
2974		545
2975		661
2976		546
2977		350
2978		607
2979		584
2980		766
2981		482
2982		567
2983		488
2984		450
2985		705
2986		505
2987		604
2988		545
2989		790
2990		785
2991		401
2992		611
2993		966
2994		497
2995		518
2996		344
2997		706
2998		536
2999		587
3000		691
3001		508
3002		508
3003		627
3004		630
3005		553
3006		572
3007		576
3008		455
3009		621
3010		438
3011		812
3012		601
3013		574
3014		538
3015		470
3016		889
3017		467
3018		529
3019		536
3020		515
3021		445
3022		641
3023		369
3024		507
3025		552
3026		508
3027		455
3028		517
3029		594
3030		603
3031		429
3032		562
3033		497
3034		382
3035		769
3036		734
3037		484
3038		499
3039		569
3040		584
3041		557
3042		448
3043		654
3044		523
3045		505
3046		805
3047		610
3048		558
3049		513
3050		354
3051		476
3052		562
3053		541
3054		553
3055		729
3056		478
3057		515
3058		509
3059		628
3060		627
3061		917
3062		538
3063		481
3064		657
3065		471
3066		452
3067		592
3068		516
3069		402
3070		489
3071		835
3072		534
3073		544
3074		656
3075		637
3076		496
3077		548
3078		565
3079		566
3080		521
3081		220
3082		699
3083		549
3084		434
3085		1024
3086		518
3087		784
3088		452
3089		570
3090		382
3091		584
3092		713
3093		539
3094		596
3095		704
3096		593
3097		594
3098		580
3099		457
3100		632
3101		665
3102		701
3103		617
3104		566
3105		799
3106		474
3107		388
3108		556
3109		537
3110		460
3111		1109
3112		624
3113		537
3114		472
3115		590
3116		859
3117		565
3118		586
3119		506
3120		478
3121		492
3122		414
3123		596
3124		725
3125		904
3126		758
3127		471
3128		618
3129		617
3130		573
3131		629
3132		472
3133		592
3134		633
3135		417
3136		445
3137		573
3138		491
3139		608
3140		648
3141		514
3142		654
3143		883
3144		511
3145		505
3146		664
3147		559
3148		588
3149		574
3150		638
3151		539
3152		630
3153		546
3154		400
3155		456
3156		554
3157		422
3158		755
3159		527
3160		498
3161		753
3162		778
3163		634
3164		451
3165		383
3166		571
3167		528
3168		380
3169		611
3170		522
3171		599
3172		696
3173		403
3174		584
3175		642
3176		366
3177		749
3178		644
3179		469
3180		399
3181		604
3182		538
3183		652
3184		808
3185		616
3186		283
3187		982
3188		640
3189		502
3190		473
3191		548
3192		580
3193		535
3194		545
3195		520
3196		497
3197		552
3198		783
3199		442
3200		592
3201		511
3202		448
3203		633
3204		533
3205		563
3206		402
3207		494
3208		870
3209		500
3210		720
3211		454
3212		473
3213		457
3214		663
3215		601
3216		459
3217		586
3218		536
3219		701
3220		634
3221		543
3222		524
3223		566
3224		607
3225		580
3226		778
3227		534
3228		515
3229		625
3230		495
3231		658
3232		438
3233		413
3234		612
3235		525
3236		558
3237		426
3238		609
3239		774
3240		509
3241		395
3242		543
3243		492
3244		381
3245		464
3246		682
3247		558
3248		382
3249		584
3250		497
3251		511
3252		982
3253		551
3254		592
3255		833
3256		519
3257		538
3258		463
3259		460
3260		372
3261		587
3262		396
3263		444
3264		343
3265		544
3266		553
3267		524
3268		616
3269		547
3270		535
3271		589
3272		517
3273		556
3274		938
3275		634
3276		646
3277		518
3278		939
3279		541
3280		262
3281		522
3282		625
3283		677
3284		653
3285		526
3286		492
3287		559
3288		463
3289		463
3290		721
3291		353
3292		673
3293		630
3294		617
3295		364
3296		503
3297		541
3298		854
3299		539
3300		479
3301		481
3302		487
3303		604
3304		649
3305		631
3306		352
3307		414
3308		719
3309		652
3310		391
3311		609
3312		364
3313		736
3314		541
3315		498
3316		466
3317		650
3318		538
3319		542
3320		686
3321		517
3322		568
3323		566
3324		371
3325		559
3326		558
3327		948
3328		569
3329		544
3330		427
3331		612
3332		633
3333		346
3334		519
3335		784
3336		605
3337		456
3338		486
3339		462
3340		553
3341		571
3342		544
3343		595
3344		595
3345		543
3346		524
3347		574
3348		302
3349		545
3350		751
3351		488
3352		372
3353		538
3354		704
3355		590
3356		834
3357		539
3358		481
3359		546
3360		713
3361		536
3362		464
3363		527
3364		543
3365		715
3366		449
3367		689
3368		468
3369		529
3370		636
3371		591
3372		542
3373		521
3374		661
3375		599
3376		449
3377		680
3378		526
3379		558
3380		463
3381		517
3382		613
3383		388
3384		233
3385		494
3386		626
3387		767
3388		763
3389		553
3390		659
3391		570
3392		575
3393		750
3394		576
3395		555
3396		559
3397		504
3398		527
3399		510
3400		491
3401		522
3402		532
3403		888
3404		551
3405		517
3406		619
3407		467
3408		465
3409		740
3410		586
3411		898
3412		769
3413		607
3414		576
3415		553
3416		845
3417		564
3418		475
3419		576
3420		503
3421		457
3422		462
3423		555
3424		485
3425		482
3426		528
3427		592
3428		671
3429		481
3430		584
3431		530
3432		573
3433		490
3434		438
3435		490
3436		375
3437		578
3438		604
3439		465
3440		495
3441		432
3442		908
3443		594
3444		524
3445		524
3446		597
3447		1028
3448		588
3449		690
3450		457
3451		646
3452		512
3453		704
3454		495
3455		654
3456		719
3457		635
3458		568
3459		567
3460		515
3461		572
3462		443
3463		616
3464		522
3465		498
3466		439
3467		460
3468		595
3469		374
3470		407
3471		662
3472		503
3473		441
3474		499
3475		730
3476		458
3477		492
3478		597
3479		460
3480		666
3481		659
3482		368
3483		526
3484		602
3485		477
3486		630
3487		435
3488		480
3489		498
3490		525
3491		573
3492		506
3493		564
3494		670
3495		511
3496		577
3497		504
3498		564
3499		544
3500		789
3501		559
3502		196
3503		712
3504		583
3505		462
3506		520
3507		693
3508		520
3509		781
3510		241
3511		542
3512		538
3513		708
3514		692
3515		662
3516		566
3517		566
3518		849
3519		661
3520		751
3521		644
3522		447
3523		685
3524		494
3525		690
3526		513
3527		616
3528		488
3529		688
3530		511
3531		569
3532		538
3533		705
3534		941
3535		518
3536		599
3537		522
3538		508
3539		724
3540		507
3541		531
3542		491
3543		819
3544		492
3545		545
3546		531
3547		343
3548		510
3549		637
3550		688
3551		494
3552		543
3553		441
3554		458
3555		764
3556		830
3557		643
3558		521
3559		429
3560		836
3561		738
3562		494
3563		649
3564		538
3565		635
3566		389
3567		480
3568		606
3569		680
3570		802
3571		433
3572		644
3573		563
3574		545
3575		582
3576		473
3577		404
3578		310
3579		726
3580		528
3581		602
3582		673
3583		562
3584		522
3585		507
3586		529
3587		640
3588		1236
3589		664
3590		361
3591		549
3592		344
3593		630
3594		433
3595		552
3596		494
3597		454
3598		641
3599		403
3600		500
3601		529
3602		536
3603		613
3604		492
3605		525
3606		524
3607		533
3608		555
3609		575
3610		1164
3611		484
3612		702
3613		558
3614		563
3615		553
3616		570
3617		500
3618		609
3619		580
3620		567
3621		651
3622		548
3623		546
3624		450
3625		623
3626		566
3627		658
3628		551
3629		724
3630		548
3631		520
3632		542
3633		566
3634		508
3635		725
3636		483
3637		522
3638		631
3639		548
3640		734
3641		666
3642		494
3643		960
3644		528
3645		497
3646		483
3647		595
3648		555
3649		597
3650		548
3651		565
3652		574
3653		466
3654		549
3655		606
3656		579
3657		639
3658		540
3659		418
3660		474
3661		903
3662		760
3663		607
3664		500
3665		468
3666		565
3667		1289
3668		678
3669		607
3670		380
3671		588
3672		634
3673		809
3674		594
3675		450
3676		584
3677		546
3678		565
3679		546
3680		660
3681		592
3682		612
3683		846
3684		589
3685		736
3686		509
3687		802
3688		618
3689		567
3690		617
3691		414
3692		680
3693		565
3694		727
3695		531
3696		447
3697		510
3698		562
3699		540
3700		944
3701		790
3702		562
3703		318
3704		837
3705		861
3706		582
3707		519
3708		628
3709		576
3710		527
3711		515
3712		570
3713		556
3714		588
3715		553
3716		468
3717		712
3718		476
3719		536
3720		504
3721		539
3722		475
3723		442
3724		432
3725		516
3726		424
3727		550
3728		641
3729		730
3730		720
3731		800
3732		525
3733		470
3734		606
3735		485
3736		569
3737		466
3738		513
3739		320
3740		481
3741		591
3742		454
3743		507
3744		436
3745		658
3746		481
3747		718
3748		696
3749		602
3750		559
3751		607
3752		594
3753		521
3754		450
3755		595
3756		505
3757		542
3758		529
3759		426
3760		688
3761		742
3762		385
3763		646
3764		546
3765		494
3766		479
3767		601
3768		521
3769		640
3770		771
3771		716
3772		718
3773		547
3774		865
3775		578
3776		477
3777		584
3778		274
3779		419
3780		510
3781		501
3782		548
3783		440
3784		596
3785		551
3786		548
3787		388
3788		431
3789		670
3790		670
3791		529
3792		528
3793		811
3794		430
3795		452
3796		596
3797		558
3798		561
3799		654
3800		503
3801		660
3802		485
3803		653
3804		547
3805		508
3806		607
3807		457
3808		770
3809		609
3810		782
3811		581
3812		425
3813		563
3814		444
3815		420
3816		537
3817		413
3818		552
3819		589
3820		508
3821		420
3822		480
3823		716
3824		743
3825		389
3826		598
3827		356
3828		592
3829		518
3830		370
3831		549
3832		493
3833		598
3834		580
3835		559
3836		580
3837		551
3838		572
3839		813
3840		551
3841		552
3842		441
3843		522
3844		518
3845		527
3846		585
3847		600
3848		680
3849		663
3850		519
3851		469
3852		589
3853		582
3854		325
3855		517
3856		603
3857		490
3858		641
3859		480
3860		517
3861		866
3862		548
3863		552
3864		521
3865		581
3866		754
3867		520
3868		515
3869		605
3870		531
3871		679
3872		632
3873		464
3874		652
3875		796
3876		533
3877		600
3878		716
3879		652
3880		490
3881		449
3882		701
3883		518
3884		513
3885		393
3886		523
3887		533
3888		602
3889		567
3890		517
3891		495
3892		500
3893		398
3894		563
3895		699
3896		738
3897		510
3898		563
3899		144
3900		914
3901		479
3902		428
3903		548
3904		501
3905		711
3906		471
3907		495
3908		567
3909		553
3910		611
3911		633
3912		460
3913		767
3914		612
3915		497
3916		586
3917		574
3918		670
3919		472
3920		725
3921		558
3922		441
3923		543
3924		454
3925		589
3926		723
3927		911
3928		787
3929		530
3930		552
3931		531
3932		564
3933		591
3934		523
3935		536
3936		514
3937		493
3938		501
3939		799
3940		604
3941		563
3942		593
3943		571
3944		550
3945		806
3946		548
3947		600
3948		920
3949		587
3950		815
3951		617
3952		824
3953		447
3954		501
3955		727
3956		995
3957		638
3958		761
3959		525
3960		611
3961		549
3962		435
3963		529
3964		539
3965		568
3966		408
3967		631
3968		295
3969		487
3970		474
3971		472
3972		598
3973		698
3974		601
3975		560
3976		593
3977		309
3978		538
3979		740
3980		608
3981		684
3982		438
3983		617
3984		481
3985		459
3986		240
3987		388
3988		481
3989		382
3990		517
3991		509
3992		538
3993		431
3994		880
3995		618
3996		485
3997		549
3998		509
3999		323
4000		507
4001		949
4002		612
4003		825
4004		274
4005		483
4006		569
4007		519
4008		610
4009		967
4010		434
4011		778
4012		498
4013		713
4014		532
4015		644
4016		751
4017		683
4018		590
4019		625
4020		543
4021		394
4022		650
4023		508
4024		822
4025		334
4026		501
4027		632
4028		857
4029		497
4030		497
4031		618
4032		541
4033		664
4034		539
4035		550
4036		745
4037		514
4038		759
4039		598
4040		686
4041		628
4042		583
4043		447
4044		821
4045		593
4046		466
4047		542
4048		480
4049		566
4050		526
4051		551
4052		654
4053		480
4054		506
4055		565
4056		604
4057		370
4058		711
4059		431
4060		387
4061		790
4062		653
4063		668
4064		527
4065		502
4066		349
4067		192
4068		607
4069		580
4070		617
4071		612
4072		412
4073		650
4074		613
4075		477
4076		383
4077		724
4078		517
4079		396
4080		676
4081		565
4082		612
4083		552
4084		577
4085		1012
4086		788
4087		736
4088		731
4089		568
4090		522
4091		517
4092		549
4093		534
4094		554
4095		486
4096		512
4097		529
4098		550
4099		565
4100		451
4101		750
4102		529
4103		432
4104		643
4105		503
4106		549
4107		700
4108		468
4109		544
4110		501
4111		494
4112		371
4113		688
4114		557
4115		519
4116		613
4117		446
4118		621
4119		496
4120		520
4121		741
4122		605
4123		635
4124		586
4125		659
4126		831
4127		486
4128		447
4129		514
4130		699
4131		581
4132		490
4133		668
4134		618
4135		487
4136		544
4137		512
4138		512
4139		736
4140		556
4141		458
4142		610
4143		510
4144		524
4145		590
4146		593
4147		552
4148		408
4149		578
4150		481
4151		473
4152		699
4153		619
4154		490
4155		478
4156		636
4157		619
4158		461
4159		708
4160		562
4161		509
4162		516
4163		558
4164		472
4165		540
4166		513
4167		635
4168		487
4169		511
4170		371
4171		565
4172		591
4173		668
4174		511
4175		495
4176		522
4177		552
4178		668
4179		867
4180		572
4181		693
4182		415
4183		702
4184		462
4185		451
4186		618
4187		641
4188		576
4189		562
4190		865
4191		523
4192		515
4193		569
4194		535
4195		580
4196		643
4197		723
4198		397
4199		436
4200		536
4201		665
4202		548
4203		685
4204		588
4205		733
4206		516
4207		505
4208		490
4209		395
4210		564
4211		559
4212		571
4213		459
4214		657
4215		654
4216		499
4217		580
4218		534
4219		465
4220		414
4221		550
4222		685
4223		588
4224		596
4225		467
4226		511
4227		486
4228		476
4229		552
4230		533
4231		578
4232		509
4233		562
4234		1368
4235		692
4236		496
4237		554
4238		539
4239		396
4240		891
4241		695
4242		547
4243		674
4244		555
4245		565
4246		678
4247		596
4248		467
4249		580
4250		631
4251		639
4252		557
4253		709
4254		559
4255		522
4256		589
4257		632
4258		784
4259		521
4260		559
4261		369
4262		471
4263		473
4264		572
4265		571
4266		556
4267		605
4268		587
4269		532
4270		566
4271		485
4272		637
4273		626
4274		632
4275		440
4276		615
4277		550
4278		641
4279		505
4280		498
4281		522
4282		520
4283		529
4284		539
4285		415
4286		464
4287		481
4288		552
4289		549
4290		553
4291		509
4292		559
4293		491
4294		424
4295		544
4296		835
4297		540
4298		547
4299		864
4300		549
4301		686
4302		516
4303		520
4304		522
4305		864
4306		490
4307		529
4308		552
4309		508
4310		531
4311		580
4312		490
4313		591
4314		592
4315		685
4316		758
4317		447
4318		570
4319		545
4320		618
4321		526
4322		556
4323		178
4324		496
4325		501
4326		729
4327		622
4328		548
4329		634
4330		433
4331		681
4332		483
4333		457
4334		463
4335		412
4336		701
4337		450
4338		445
4339		491
4340		543
4341		366
4342		479
4343		698
4344		549
4345		454
4346		579
4347		582
4348		678
4349		565
4350		631
4351		438
4352		527
4353		718
4354		572
4355		541
4356		576
4357		548
4358		555
4359		769
4360		496
4361		592
4362		496
4363		608
4364		500
4365		767
4366		665
4367		570
4368		716
4369		485
4370		535
4371		490
4372		875
4373		525
4374		542
4375		518
4376		619
4377		507
4378		567
4379		508
4380		365
4381		452
4382		658
4383		556
4384		473
4385		437
4386		605
4387		565
4388		547
4389		538
4390		530
4391		719
4392		549
4393		512
4394		425
4395		689
4396		801
4397		508
4398		692
4399		479
4400		467
4401		596
4402		462
4403		508
4404		594
4405		466
4406		572
4407		183
4408		568
4409		558
4410		489
4411		578
4412		652
4413		440
4414		615
4415		546
4416		561
4417		755
4418		798
4419		527
4420		651
4421		395
4422		458
4423		549
4424		513
4425		447
4426		519
4427		501
4428		626
4429		505
4430		491
4431		612
4432		404
4433		420
4434		601
4435		709
4436		666
4437		474
4438		457
4439		338
4440		507
4441		448
4442		690
4443		1021
4444		635
4445		593
4446		450
4447		543
4448		549
4449		608
4450		511
4451		607
4452		689
4453		375
4454		625
4455		717
4456		646
4457		616
4458		643
4459		667
4460		501
4461		539
4462		485
4463		473
4464		459
4465		480
4466		739
4467		346
4468		560
4469		576
4470		513
4471		547
4472		469
4473		752
4474		464
4475		559
4476		443
4477		480
4478		528
4479		475
4480		493
4481		605
4482		568
4483		483
4484		575
4485		505
4486		533
4487		525
4488		540
4489		532
4490		471
4491		635
4492		557
4493		525
4494		524
4495		573
4496		498
4497		592
4498		633
4499		677
4500		582
4501		496
4502		584
4503		653
4504		516
4505		487
4506		441
4507		656
4508		526
4509		521
4510		529
4511		552
4512		526
4513		555
4514		530
4515		491
4516		477
4517		518
4518		665
4519		507
4520		620
4521		491
4522		655
4523		513
4524		395
4525		928
4526		522
4527		747
4528		520
4529		616
4530		582
4531		597
4532		575
4533		453
4534		672
4535		404
4536		828
4537		502
4538		573
4539		631
4540		469
4541		497
4542		436
4543		976
4544		697
4545		620
4546		446
4547		577
4548		496
4549		526
4550		464
4551		900
4552		518
4553		544
4554		745
4555		627
4556		571
4557		470
4558		538
4559		546
4560		528
4561		471
4562		574
4563		596
4564		506
4565		547
4566		408
4567		536
4568		539
4569		450
4570		583
4571		554
4572		526
4573		590
4574		620
4575		811
4576		594
4577		535
4578		753
4579		571
4580		507
4581		650
4582		562
4583		473
4584		762
4585		541
4586		676
4587		766
4588		487
4589		564
4590		664
4591		427
4592		234
4593		471
4594		594
4595		593
4596		766
4597		568
4598		550
4599		528
4600		576
4601		483
4602		845
4603		670
4604		704
4605		695
4606		474
4607		1221
4608		503
4609		713
4610		615
4611		616
4612		556
4613		549
4614		513
4615		559
4616		564
4617		670
4618		584
4619		578
4620		527
4621		629
4622		603
4623		560
4624		556
4625		692
4626		571
4627		553
4628		582
4629		482
4630		681
4631		434
4632		708
4633		523
4634		423
4635		442
4636		518
4637		459
4638		525
4639		417
4640		654
4641		616
4642		386
4643		674
4644		577
4645		474
4646		519
4647		575
4648		544
4649		642
4650		433
4651		513
4652		499
4653		580
4654		441
4655		584
4656		754
4657		547
4658		545
4659		673
4660		690
4661		856
4662		607
4663		622
4664		777
4665		620
4666		533
4667		603
4668		520
4669		524
4670		595
4671		655
4672		717
4673		736
4674		525
4675		597
4676		561
4677		458
4678		533
4679		540
4680		385
4681		482
4682		494
4683		858
4684		613
4685		575
4686		608
4687		615
4688		494
4689		432
4690		597
4691		784
4692		601
4693		539
4694		870
4695		392
4696		701
4697		533
4698		687
4699		571
4700		513
4701		534
4702		743
4703		634
4704		496
4705		610
4706		486
4707		456
4708		734
4709		556
4710		467
4711		666
4712		608
4713		735
4714		522
4715		633
4716		851
4717		570
4718		520
4719		506
4720		579
4721		607
4722		467
4723		491
4724		520
4725		567
4726		532
4727		709
4728		627
4729		545
4730		766
4731		485
4732		417
4733		455
4734		680
4735		471
4736		651
4737		625
4738		630
4739		556
4740		541
4741		587
4742		653
4743		678
4744		554
4745		422
4746		540
4747		638
4748		1029
4749		603
4750		377
4751		470
4752		937
4753		555
4754		535
4755		532
4756		763
4757		548
4758		637
4759		683
4760		469
4761		513
4762		534
4763		443
4764		520
4765		778
4766		543
4767		438
4768		527
4769		458
4770		693
4771		516
4772		716
4773		457
4774		635
4775		488
4776		579
4777		558
4778		590
4779		542
4780		551
4781		551
4782		580
4783		767
4784		616
4785		495
4786		664
4787		446
4788		416
4789		603
4790		620
4791		756
4792		754
4793		552
4794		502
4795		558
4796		555
4797		506
4798		605
4799		446
4800		1042
4801		989
4802		609
4803		388
4804		502
4805		500
4806		564
4807		573
4808		585
4809		565
4810		462
4811		716
4812		451
4813		570
4814		473
4815		601
4816		550
4817		550
4818		494
4819		512
4820		607
4821		393
4822		619
4823		509
4824		562
4825		629
4826		1004
4827		534
4828		676
4829		548
4830		495
4831		614
4832		547
4833		592
4834		588
4835		509
4836		639
4837		458
4838		616
4839		480
4840		474
4841		791
4842		501
4843		543
4844		579
4845		399
4846		749
4847		289
4848		629
4849		742
4850		728
4851		579
4852		523
4853		554
4854		398
4855		549
4856		499
4857		521
4858		564
4859		735
4860		597
4861		507
4862		520
4863		468
4864		452
4865		652
4866		495
4867		654
4868		463
4869		633
4870		558
4871		558
4872		443
4873		701
4874		570
4875		534
4876		598
4877		564
4878		504
4879		549
4880		695
4881		597
4882		665
4883		797
4884		515
4885		530
4886		600
4887		629
4888		536
4889		536
4890		407
4891		618
4892		487
4893		605
4894		435
4895		596
4896		488
4897		772
4898		547
4899		560
4900		509
4901		326
4902		550
4903		655
4904		583
4905		555
4906		622
4907		618
4908		619
4909		448
4910		579
4911		485
4912		802
4913		610
4914		418
4915		569
4916		460
4917		508
4918		618
4919		382
4920		505
4921		433
4922		457
4923		531
4924		523
4925		570
4926		519
4927		573
4928		747
4929		421
4930		581
4931		455
4932		529
4933		484
4934		441
4935		643
4936		478
4937		696
4938		621
4939		572
4940		624
4941		506
4942		645
4943		614
4944		572
4945		514
4946		548
4947		589
4948		698
4949		519
4950		569
4951		462
4952		540
4953		674
4954		519
4955		469
4956		901
4957		682
4958		625
4959		558
4960		392
4961		517
4962		625
4963		530
4964		603
4965		549
4966		520
4967		512
4968		524
4969		572
4970		478
4971		646
4972		487
4973		284
4974		412
4975		532
4976		422
4977		838
4978		491
4979		580
4980		618
4981		622
4982		793
4983		767
4984		512
4985		531
4986		575
4987		469
4988		549
4989		535
4990		508
4991		544
4992		631
4993		707
4994		611
4995		569
4996		461
4997		481
4998		453
4999		392
5000		543
5001		418
5002		430
5003		556
5004		300
5005		752
5006		600
5007		411
5008		452
5009		517
5010		564
5011		507
5012		1031
5013		450
5014		523
5015		661
5016		615
5017		720
5018		586
5019		712
5020		444
5021		530
5022		559
5023		752
5024		536
5025		540
5026		491
5027		506
5028		489
5029		531
5030		511
5031		489
5032		449
5033		456
5034		475
5035		385
5036		746
5037		554
5038		563
5039		766
5040		582
5041		692
5042		525
5043		503
5044		517
5045		500
5046		619
5047		424
5048		510
5049		530
5050		511
5051		407
5052		681
5053		506
5054		528
5055		665
5056		608
5057		846
5058		545
5059		859
5060		620
5061		508
5062		510
5063		552
5064		503
5065		512
5066		539
5067		536
5068		530
5069		571
5070		524
5071		1138
5072		874
5073		577
5074		437
5075		316
5076		554
5077		559
5078		540
5079		703
5080		613
5081		649
5082		516
5083		574
5084		588
5085		470
5086		749
5087		508
5088		582
5089		522
5090		668
5091		746
5092		585
5093		623
5094		715
5095		775
5096		469
5097		562
5098		906
5099		568
5100		836
5101		436
5102		581
5103		845
5104		431
5105		404
5106		589
5107		539
5108		636
5109		558
5110		529
5111		508
5112		572
5113		519
5114		562
5115		633
5116		391
5117		901
5118		563
5119		500
5120		551
5121		619
5122		392
5123		600
5124		511
5125		520
5126		566
5127		522
5128		448
5129		655
5130		527
5131		541
5132		641
5133		563
5134		502
5135		384
5136		525
5137		736
5138		494
5139		765
5140		586
5141		659
5142		556
5143		844
5144		609
5145		568
5146		622
5147		531
5148		618
5149		534
5150		523
5151		556
5152		671
5153		523
5154		493
5155		429
5156		345
5157		688
5158		620
5159		690
5160		819
5161		553
5162		499
5163		519
5164		615
5165		522
5166		685
5167		594
5168		318
5169		533
5170		597
5171		533
5172		573
5173		588
5174		409
5175		706
5176		557
5177		547
5178		384
5179		859
5180		486
5181		672
5182		532
5183		486
5184		571
5185		531
5186		523
5187		664
5188		472
5189		879
5190		940
5191		568
5192		440
5193		566
5194		617
5195		513
5196		290
5197		607
5198		690
5199		595
5200		568
5201		529
5202		483
5203		712
5204		515
5205		594
5206		334
5207		642
5208		489
5209		666
5210		560
5211		532
5212		576
5213		377
5214		600
5215		461
5216		470
5217		455
5218		576
5219		608
5220		585
5221		568
5222		777
5223		652
5224		616
5225		1203
5226		857
5227		667
5228		438
5229		647
5230		584
5231		565
5232		551
5233		250
5234		515
5235		493
5236		560
5237		722
5238		542
5239		454
5240		543
5241		455
5242		608
5243		474
5244		525
5245		449
5246		706
5247		561
5248		434
5249		551
5250		498
5251		468
5252		527
5253		382
5254		528
5255		490
5256		476
5257		654
5258		628
5259		518
5260		512
5261		513
5262		532
5263		506
5264		479
5265		554
5266		548
5267		568
5268		265
5269		566
5270		502
5271		518
5272		449
5273		671
5274		485
5275		643
5276		636
5277		593
5278		392
5279		470
5280		523
5281		552
5282		535
5283		550
5284		356
5285		296
5286		681
5287		473
5288		303
5289		392
5290		832
5291		505
5292		752
5293		335
5294		576
5295		523
5296		444
5297		570
5298		467
5299		540
5300		614
5301		636
5302		428
5303		758
5304		575
5305		573
5306		483
5307		754
5308		531
5309		532
5310		509
5311		596
5312		475
5313		521
5314		510
5315		503
5316		554
5317		464
5318		612
5319		405
5320		673
5321		513
5322		878
5323		565
5324		676
5325		470
5326		536
5327		625
5328		530
5329		542
5330		579
5331		550
5332		683
5333		685
5334		497
5335		535
5336		378
5337		349
5338		530
5339		551
5340		494
5341		533
5342		583
5343		615
5344		531
5345		503
5346		430
5347		528
5348		488
5349		751
5350		542
5351		481
5352		502
5353		513
5354		566
5355		657
5356		507
5357		369
5358		559
5359		519
5360		525
5361		550
5362		916
5363		567
5364		516
5365		573
5366		559
5367		593
5368		533
5369		585
5370		465
5371		511
5372		598
5373		498
5374		690
5375		491
5376		644
5377		540
5378		690
5379		577
5380		608
5381		728
5382		584
5383		583
5384		538
5385		559
5386		614
5387		525
5388		753
5389		613
5390		458
5391		608
5392		499
5393		583
5394		638
5395		536
5396		730
5397		695
5398		483
5399		534
5400		923
5401		641
5402		657
5403		474
5404		441
5405		557
5406		530
5407		584
5408		473
5409		844
5410		557
5411		550
5412		549
5413		577
5414		542
5415		588
5416		676
5417		584
5418		577
5419		490
5420		615
5421		578
5422		612
5423		369
5424		783
5425		818
5426		571
5427		542
5428		633
5429		531
5430		490
5431		676
5432		518
5433		697
5434		904
5435		623
5436		608
5437		591
5438		710
5439		576
5440		628
5441		479
5442		444
5443		460
5444		441
5445		485
5446		738
5447		442
5448		525
5449		493
5450		545
5451		689
5452		535
5453		741
5454		561
5455		573
5456		571
5457		342
5458		638
5459		507
5460		473
5461		519
5462		519
5463		523
5464		626
5465		1031
5466		272
5467		452
5468		583
5469		522
5470		464
5471		573
5472		351
5473		419
5474		374
5475		838
5476		586
5477		640
5478		615
5479		440
5480		513
5481		489
5482		511
5483		682
5484		555
5485		483
5486		660
5487		621
5488		569
5489		582
5490		340
5491		456
5492		813
5493		456
5494		527
5495		470
5496		482
5497		472
5498		611
5499		552
5500		618
5501		816
5502		711
5503		492
5504		580
5505		429
5506		538
5507		580
5508		568
5509		460
5510		651
5511		524
5512		619
5513		616
5514		556
5515		463
5516		419
5517		545
5518		500
5519		588
5520		587
5521		537
5522		607
5523		493
5524		379
5525		418
5526		513
5527		512
5528		372
5529		526
5530		492
5531		602
5532		463
5533		515
5534		522
5535		530
5536		617
5537		545
5538		479
5539		521
5540		667
5541		540
5542		578
5543		480
5544		662
5545		629
5546		585
5547		488
5548		714
5549		510
5550		400
5551		292
5552		536
5553		661
5554		514
5555		992
5556		488
5557		363
5558		546
5559		620
5560		564
5561		537
5562		640
5563		689
5564		337
5565		457
5566		624
5567		591
5568		372
5569		554
5570		563
5571		405
5572		806
5573		562
5574		518
5575		516
5576		435
5577		562
5578		486
5579		664
5580		554
5581		504
5582		544
5583		555
5584		596
5585		655
5586		577
5587		492
5588		435
5589		601
5590		627
5591		686
5592		535
5593		578
5594		543
5595		657
5596		491
5597		519
5598		600
5599		846
5600		575
5601		472
5602		559
5603		670
5604		596
5605		428
5606		457
5607		600
5608		585
5609		686
5610		498
5611		934
5612		728
5613		427
5614		549
5615		511
5616		582
5617		545
5618		537
5619		611
5620		811
5621		560
5622		577
5623		530
5624		540
5625		512
5626		356
5627		505
5628		546
5629		773
5630		362
5631		620
5632		447
5633		572
5634		566
5635		778
5636		766
5637		716
5638		392
5639		713
5640		592
5641		488
5642		472
5643		488
5644		592
5645		685
5646		506
5647		595
5648		924
5649		455
5650		680
5651		428
5652		560
5653		466
5654		592
5655		480
5656		472
5657		545
5658		635
5659		506
5660		484
5661		581
5662		512
5663		710
5664		574
5665		513
5666		638
5667		697
5668		708
5669		381
5670		641
5671		502
5672		571
5673		618
5674		578
5675		548
5676		584
5677		540
5678		459
5679		975
5680		499
5681		585
5682		539
5683		633
5684		562
5685		457
5686		544
5687		461
5688		623
5689		500
5690		538
5691		553
5692		540
5693		603
5694		554
5695		451
5696		976
5697		575
5698		518
5699		591
5700		526
5701		492
5702		549
5703		580
5704		487
5705		672
5706		586
5707		363
5708		715
5709		432
5710		527
5711		505
5712		557
5713		509
5714		518
5715		443
5716		556
5717		775
5718		720
5719		333
5720		417
5721		441
5722		361
5723		911
5724		644
5725		459
5726		581
5727		787
5728		519
5729		626
5730		479
5731		670
5732		835
5733		645
5734		565
5735		486
5736		714
5737		566
5738		647
5739		381
5740		545
5741		468
5742		580
5743		903
5744		533
5745		496
5746		733
5747		836
5748		473
5749		662
5750		547
5751		617
5752		563
5753		467
5754		394
5755		478
5756		407
5757		540
5758		448
5759		499
5760		472
5761		541
5762		590
5763		582
5764		441
5765		449
5766		569
5767		434
5768		570
5769		608
5770		1107
5771		794
5772		497
5773		1451
5774		498
5775		483
5776		738
5777		709
5778		417
5779		500
5780		495
5781		500
5782		490
5783		401
5784		550
5785		753
5786		542
5787		415
5788		589
5789		491
5790		525
5791		586
5792		532
5793		654
5794		525
5795		628
5796		556
5797		467
5798		489
5799		543
5800		550
5801		461
5802		696
5803		716
5804		657
5805		523
5806		443
5807		559
5808		522
5809		620
5810		689
5811		593
5812		613
5813		572
5814		575
5815		531
5816		426
5817		568
5818		636
5819		423
5820		566
5821		504
5822		566
5823		572
5824		405
5825		634
5826		532
5827		511
5828		564
5829		366
5830		603
5831		619
5832		714
5833		812
5834		753
5835		529
5836		530
5837		500
5838		661
5839		562
5840		542
5841		543
5842		526
5843		494
5844		772
5845		697
5846		586
5847		695
5848		607
5849		538
5850		829
5851		559
5852		797
5853		480
5854		579
5855		355
5856		863
5857		355
5858		700
5859		687
5860		732
5861		500
5862		571
5863		564
5864		532
5865		665
5866		446
5867		450
5868		467
5869		523
5870		546
5871		525
5872		756
5873		528
5874		587
5875		527
5876		641
5877		810
5878		659
5879		574
5880		507
5881		424
5882		520
5883		476
5884		1025
5885		421
5886		430
5887		502
5888		486
5889		581
5890		233
5891		532
5892		718
5893		698
5894		675
5895		478
5896		483
5897		483
5898		476
5899		449
5900		440
5901		638
5902		426
5903		567
5904		396
5905		433
5906		974
5907		557
5908		565
5909		512
5910		437
5911		535
5912		590
5913		479
5914		610
5915		527
5916		695
5917		538
5918		491
5919		526
5920		523
5921		606
5922		687
5923		566
5924		540
5925		443
5926		704
5927		607
5928		586
5929		564
5930		585
5931		573
5932		537
5933		521
5934		587
5935		532
5936		586
5937		873
5938		538
5939		1100
5940		522
5941		425
5942		565
5943		597
5944		700
5945		609
5946		599
5947		529
5948		567
5949		593
5950		372
5951		539
5952		546
5953		395
5954		558
5955		632
5956		590
5957		698
5958		519
5959		569
5960		687
5961		717
5962		734
5963		498
5964		397
5965		575
5966		622
5967		537
5968		542
5969		522
5970		887
5971		691
5972		500
5973		496
5974		509
5975		537
5976		844
5977		492
5978		460
5979		447
5980		496
5981		702
5982		702
5983		465
5984		636
5985		480
5986		553
5987		642
5988		1122
5989		507
5990		545
5991		394
5992		582
5993		572
5994		396
5995		487
5996		503
5997		537
5998		649
5999		439
6000		530
6001		521
6002		525
6003		491
6004		536
6005		507
6006		674
6007		529
6008		551
6009		492
6010		602
6011		552
6012		565
6013		553
6014		572
6015		532
6016		553
6017		549
6018		829
6019		632
6020		477
6021		568
6022		565
6023		527
6024		637
6025		687
6026		545
6027		561
6028		541
6029		616
6030		668
6031		485
6032		723
6033		649
6034		590
6035		412
6036		569
6037		484
6038		620
6039		635
6040		512
6041		606
6042		554
6043		427
6044		540
6045		445
6046		407
6047		391
6048		809
6049		482
6050		469
6051		445
6052		645
6053		521
6054		495
6055		481
6056		610
6057		502
6058		167
6059		516
6060		577
6061		448
6062		598
6063		404
6064		520
6065		678
6066		795
6067		571
6068		662
6069		746
6070		913
6071		549
6072		818
6073		563
6074		538
6075		282
6076		519
6077		408
6078		539
6079		646
6080		619
6081		461
6082		579
6083		445
6084		703
6085		506
6086		609
6087		597
6088		459
6089		573
6090		499
6091		572
6092		530
6093		495
6094		457
6095		519
6096		454
6097		657
6098		477
6099		513
6100		591
6101		615
6102		643
6103		491
6104		488
6105		590
6106		631
6107		512
6108		539
6109		533
6110		644
6111		1021
6112		567
6113		478
6114		478
6115		518
6116		388
6117		684
6118		536
6119		537
6120		941
6121		550
6122		622
6123		403
6124		618
6125		384
6126		524
6127		776
6128		596
6129		517
6130		507
6131		651
6132		619
6133		720
6134		423
6135		559
6136		613
6137		797
6138		506
6139		627
6140		526
6141		491
6142		675
6143		1098
6144		542
6145		597
6146		509
6147		438
6148		560
6149		597
6150		621
6151		778
6152		620
6153		466
6154		850
6155		644
6156		467
6157		565
6158		599
6159		625
6160		514
6161		562
6162		522
6163		506
6164		535
6165		439
6166		514
6167		375
6168		524
6169		421
6170		514
6171		576
6172		730
6173		812
6174		451
6175		514
6176		492
6177		920
6178		675
6179		990
6180		550
6181		559
6182		504
6183		539
6184		587
6185		585
6186		511
6187		639
6188		654
6189		494
6190		442
6191		657
6192		572
6193		579
6194		541
6195		542
6196		499
6197		471
6198		726
6199		532
6200		523
6201		544
6202		604
6203		679
6204		524
6205		521
6206		401
6207		298
6208		537
6209		880
6210		502
6211		660
6212		597
6213		516
6214		548
6215		684
6216		783
6217		520
6218		530
6219		455
6220		530
6221		638
6222		371
6223		516
6224		509
6225		578
6226		1022
6227		434
6228		564
6229		529
6230		533
6231		478
6232		540
6233		473
6234		496
6235		540
6236		480
6237		904
6238		448
6239		534
6240		429
6241		606
6242		479
6243		824
6244		999
6245		549
6246		615
6247		572
6248		601
6249		670
6250		629
6251		515
6252		510
6253		533
6254		415
6255		473
6256		547
6257		704
6258		384
6259		580
6260		639
6261		469
6262		457
6263		394
6264		666
6265		403
6266		550
6267		453
6268		564
6269		768
6270		523
6271		456
6272		1024
6273		566
6274		561
6275		729
6276		727
6277		528
6278		584
6279		532
6280		468
6281		609
6282		780
6283		666
6284		484
6285		630
6286		521
6287		445
6288		461
6289		827
6290		659
6291		648
6292		584
6293		506
6294		537
6295		522
6296		802
6297		482
6298		682
6299		534
6300		459
6301		499
6302		625
6303		639
6304		463
6305		515
6306		902
6307		646
6308		525
6309		588
6310		485
6311		425
6312		615
6313		475
6314		544
6315		590
6316		640
6317		296
6318		529
6319		454
6320		556
6321		407
6322		644
6323		508
6324		508
6325		630
6326		525
6327		361
6328		463
6329		667
6330		438
6331		428
6332		466
6333		774
6334		450
6335		500
6336		524
6337		621
6338		537
6339		333
6340		663
6341		503
6342		511
6343		549
6344		364
6345		627
6346		668
6347		459
6348		642
6349		605
6350		412
6351		517
6352		490
6353		499
6354		174
6355		595
6356		652
6357		521
6358		594
6359		548
6360		578
6361		463
6362		599
6363		659
6364		539
6365		650
6366		663
6367		578
6368		579
6369		562
6370		611
6371		703
6372		508
6373		849
6374		497
6375		816
6376		626
6377		445
6378		524
6379		443
6380		634
6381		436
6382		584
6383		766
6384		446
6385		617
6386		524
6387		744
6388		565
6389		533
6390		629
6391		851
6392		556
6393		583
6394		626
6395		1009
6396		633
6397		434
6398		570
6399		559
6400		552
6401		589
6402		598
6403		666
6404		489
6405		507
6406		725
6407		602
6408		476
6409		569
6410		869
6411		787
6412		641
6413		572
6414		546
6415		523
6416		506
6417		608
6418		475
6419		633
6420		547
6421		568
6422		594
6423		529
6424		555
6425		548
6426		725
6427		619
6428		518
6429		544
6430		493
6431		436
6432		622
6433		596
6434		565
6435		481
6436		513
6437		594
6438		506
6439		498
6440		836
6441		788
6442		616
6443		402
6444		471
6445		527
6446		511
6447		549
6448		530
6449		700
6450		506
6451		554
6452		398
6453		729
6454		571
6455		537
6456		476
6457		545
6458		635
6459		568
6460		428
6461		646
6462		556
6463		711
6464		617
6465		583
6466		399
6467		414
6468		827
6469		671
6470		672
6471		972
6472		532
6473		502
6474		461
6475		510
6476		615
6477		439
6478		563
6479		482
6480		698
6481		534
6482		653
6483		524
6484		485
6485		505
6486		405
6487		585
6488		469
6489		843
6490		441
6491		631
6492		506
6493		612
6494		531
6495		595
6496		389
6497		461
6498		409
6499		526
6500		515
6501		494
6502		442
6503		469
6504		634
6505		428
6506		701
6507		568
6508		687
6509		681
6510		635
6511		933
6512		622
6513		357
6514		562
6515		594
6516		562
6517		717
6518		600
6519		468
6520		346
6521		466
6522		426
6523		591
6524		588
6525		638
6526		635
6527		515
6528		513
6529		538
6530		481
6531		554
6532		702
6533		567
6534		598
6535		606
6536		571
6537		599
6538		618
6539		498
6540		621
6541		560
6542		696
6543		458
6544		630
6545		526
6546		559
6547		481
6548		522
6549		666
6550		492
6551		497
6552		556
6553		518
6554		584
6555		594
6556		537
6557		508
6558		354
6559		546
6560		596
6561		558
6562		542
6563		577
6564		433
6565		487
6566		475
6567		491
6568		542
6569		736
6570		686
6571		468
6572		526
6573		525
6574		553
6575		622
6576		418
6577		563
6578		489
6579		524
6580		500
6581		421
6582		440
6583		549
6584		561
6585		589
6586		508
6587		432
6588		520
6589		655
6590		752
6591		568
6592		495
6593		561
6594		662
6595		501
6596		723
6597		267
6598		500
6599		512
6600		721
6601		591
6602		565
6603		489
6604		563
6605		414
6606		674
6607		584
6608		583
6609		527
6610		417
6611		617
6612		534
6613		517
6614		545
6615		293
6616		812
6617		359
6618		466
6619		567
6620		613
6621		508
6622		465
6623		751
6624		606
6625		566
6626		671
6627		598
6628		580
6629		490
6630		664
6631		591
6632		396
6633		574
6634		641
6635		468
6636		453
6637		431
6638		544
6639		553
6640		673
6641		736
6642		658
6643		513
6644		506
6645		585
6646		598
6647		571
6648		531
6649		504
6650		612
6651		518
6652		512
6653		710
6654		537
6655		553
6656		644
6657		553
6658		588
6659		609
6660		541
6661		526
6662		570
6663		599
6664		589
6665		337
6666		639
6667		602
6668		554
6669		602
6670		643
6671		558
6672		698
6673		417
6674		575
6675		523
6676		636
6677		599
6678		623
6679		518
6680		542
6681		832
6682		789
6683		580
6684		389
6685		590
6686		626
6687		376
6688		496
6689		464
6690		522
6691		861
6692		599
6693		605
6694		678
6695		623
6696		540
6697		590
6698		456
6699		658
6700		504
6701		434
6702		516
6703		695
6704		478
6705		510
6706		798
6707		471
6708		661
6709		446
6710		536
6711		615
6712		527
6713		568
6714		527
6715		542
6716		593
6717		530
6718		555
6719		531
6720		498
6721		577
6722		568
6723		729
6724		470
6725		656
6726		613
6727		441
6728		606
6729		545
6730		796
6731		444
6732		576
6733		1033
6734		496
6735		533
6736		525
6737		708
6738		551
6739		442
6740		554
6741		494
6742		930
6743		569
6744		457
6745		511
6746		507
6747		416
6748		518
6749		584
6750		577
6751		729
6752		481
6753		450
6754		450
6755		521
6756		683
6757		479
6758		533
6759		315
6760		578
6761		551
6762		479
6763		527
6764		867
6765		435
6766		611
6767		574
6768		485
6769		493
6770		500
6771		498
6772		623
6773		525
6774		607
6775		677
6776		552
6777		540
6778		549
6779		667
6780		516
6781		503
6782		665
6783		1189
6784		580
6785		684
6786		651
6787		538
6788		514
6789		465
6790		683
6791		341
6792		499
6793		605
6794		462
6795		516
6796		386
6797		567
6798		757
6799		524
6800		374
6801		477
6802		745
6803		563
6804		454
6805		854
6806		462
6807		595
6808		463
6809		556
6810		454
6811		639
6812		623
6813		475
6814		354
6815		411
6816		537
6817		519
6818		624
6819		515
6820		400
6821		501
6822		556
6823		549
6824		633
6825		557
6826		419
6827		431
6828		509
6829		656
6830		475
6831		633
6832		597
6833		524
6834		533
6835		541
6836		525
6837		618
6838		529
6839		517
6840		623
6841		511
6842		648
6843		559
6844		448
6845		482
6846		551
6847		610
6848		404
6849		865
6850		543
6851		508
6852		499
6853		560
6854		640
6855		490
6856		758
6857		775
6858		515
6859		467
6860		379
6861		685
6862		782
6863		531
6864		538
6865		574
6866		518
6867		640
6868		446
6869		590
6870		390
6871		589
6872		542
6873		917
6874		964
6875		609
6876		401
6877		559
6878		464
6879		451
6880		339
6881		440
6882		532
6883		457
6884		424
6885		489
6886		539
6887		639
6888		755
6889		605
6890		653
6891		484
6892		408
6893		523
6894		541
6895		528
6896		528
6897		431
6898		526
6899		502
6900		636
6901		738
6902		511
6903		593
6904		674
6905		568
6906		471
6907		505
6908		583
6909		601
6910		640
6911		358
6912		623
6913		528
6914		630
6915		536
6916		626
6917		581
6918		589
6919		496
6920		479
6921		518
6922		375
6923		546
6924		485
6925		689
6926		679
6927		668
6928		523
6929		510
6930		519
6931		510
6932		225
6933		649
6934		508
6935		575
6936		541
6937		695
6938		549
6939		641
6940		721
6941		772
6942		671
6943		616
6944		495
6945		557
6946		580
6947		431
6948		520
6949		700
6950		661
6951		496
6952		620
6953		693
6954		486
6955		561
6956		522
6957		513
6958		499
6959		318
6960		576
6961		663
6962		483
6963		619
6964		463
6965		1238
6966		429
6967		589
6968		527
6969		610
6970		469
6971		467
6972		693
6973		472
6974		951
6975		548
6976		578
6977		519
6978		579
6979		892
6980		511
6981		714
6982		519
6983		597
6984		553
6985		558
6986		477
6987		719
6988		586
6989		548
6990		673
6991		1074
6992		547
6993		503
6994		382
6995		356
6996		685
6997		484
6998		414
6999		578
7000		762
7001		618
7002		420
7003		840
7004		419
7005		530
7006		598
7007		557
7008		552
7009		455
7010		525
7011		492
7012		597
7013		569
7014		546
7015		589
7016		504
7017		464
7018		354
7019		539
7020		923
7021		355
7022		663
7023		703
7024		515
7025		539
7026		482
7027		525
7028		503
7029		402
7030		598
7031		569
7032		424
7033		599
7034		484
7035		699
7036		581
7037		653
7038		469
7039		569
7040		398
7041		471
7042		474
7043		461
7044		623
7045		551
7046		612
7047		725
7048		908
7049		471
7050		486
7051		454
7052		916
7053		483
7054		572
7055		514
7056		550
7057		547
7058		686
7059		580
7060		408
7061		666
7062		706
7063		638
7064		350
7065		516
7066		657
7067		538
7068		623
7069		562
7070		527
7071		449
7072		491
7073		655
7074		605
7075		546
7076		625
7077		540
7078		584
7079		830
7080		526
7081		568
7082		530
7083		571
7084		501
7085		339
7086		641
7087		541
7088		568
7089		414
7090		463
7091		566
7092		465
7093		546
7094		522
7095		521
7096		546
7097		418
7098		728
7099		499
7100		521
7101		910
7102		555
7103		554
7104		461
7105		501
7106		631
7107		711
7108		703
7109		500
7110		514
7111		568
7112		600
7113		606
7114		596
7115		837
7116		552
7117		637
7118		653
7119		318
7120		577
7121		535
7122		439
7123		624
7124		464
7125		505
7126		688
7127		749
7128		514
7129		575
7130		649
7131		886
7132		601
7133		570
7134		397
7135		514
7136		612
7137		387
7138		439
7139		626
7140		412
7141		589
7142		565
7143		559
7144		408
7145		716
7146		508
7147		861
7148		478
7149		585
7150		517
7151		547
7152		525
7153		489
7154		440
7155		646
7156		567
7157		699
7158		452
7159		854
7160		438
7161		549
7162		478
7163		452
7164		353
7165		494
7166		595
7167		575
7168		759
7169		571
7170		541
7171		602
7172		422
7173		477
7174		607
7175		709
7176		556
7177		638
7178		461
7179		605
7180		888
7181		560
7182		551
7183		685
7184		567
7185		547
7186		544
7187		848
7188		493
7189		531
7190		524
7191		551
7192		534
7193		899
7194		603
7195		613
7196		447
7197		593
7198		462
7199		515
7200		580
7201		509
7202		400
7203		686
7204		470
7205		820
7206		537
7207		497
7208		527
7209		512
7210		519
7211		835
7212		546
7213		531
7214		512
7215		552
7216		514
7217		1072
7218		510
7219		461
7220		621
7221		836
7222		665
7223		336
7224		662
7225		566
7226		329
7227		653
7228		567
7229		452
7230		513
7231		501
7232		454
7233		539
7234		649
7235		513
7236		459
7237		449
7238		367
7239		846
7240		494
7241		612
7242		456
7243		730
7244		416
7245		569
7246		525
7247		724
7248		503
7249		536
7250		586
7251		589
7252		613
7253		573
7254		407
7255		487
7256		608
7257		626
7258		414
7259		716
7260		556
7261		663
7262		507
7263		545
7264		621
7265		474
7266		474
7267		516
7268		860
7269		707
7270		549
7271		363
7272		605
7273		520
7274		470
7275		533
7276		626
7277		505
7278		580
7279		644
7280		465
7281		847
7282		432
7283		528
7284		518
7285		593
7286		616
7287		583
7288		624
7289		325
7290		584
7291		532
7292		543
7293		847
7294		453
7295		534
7296		663
7297		424
7298		551
7299		587
7300		522
7301		666
7302		545
7303		626
7304		351
7305		626
7306		652
7307		595
7308		498
7309		563
7310		493
7311		487
7312		583
7313		567
7314		610
7315		341
7316		577
7317		693
7318		547
7319		490
7320		319
7321		604
7322		560
7323		565
7324		787
7325		612
7326		591
7327		609
7328		445
7329		669
7330		372
7331		625
7332		654
7333		461
7334		444
7335		390
7336		594
7337		526
7338		607
7339		494
7340		485
7341		595
7342		489
7343		491
7344		661
7345		760
7346		774
7347		487
7348		541
7349		524
7350		499
7351		772
7352		811
7353		435
7354		656
7355		650
7356		467
7357		618
7358		416
7359		761
7360		555
7361		558
7362		661
7363		543
7364		577
7365		552
7366		482
7367		517
7368		633
7369		659
7370		625
7371		441
7372		486
7373		448
7374		682
7375		481
7376		612
7377		566
7378		769
7379		619
7380		638
7381		474
7382		479
7383		632
7384		439
7385		557
7386		476
7387		478
7388		966
7389		1409
7390		569
7391		665
7392		479
7393		480
7394		481
7395		1007
7396		641
7397		678
7398		633
7399		507
7400		545
7401		407
7402		562
7403		788
7404		546
7405		562
7406		430
7407		473
7408		647
7409		614
7410		490
7411		576
7412		566
7413		793
7414		655
7415		453
7416		586
7417		337
7418		696
7419		441
7420		631
7421		675
7422		711
7423		630
7424		581
7425		600
7426		482
7427		623
7428		684
7429		505
7430		467
7431		754
7432		475
7433		540
7434		557
7435		395
7436		631
7437		505
7438		425
7439		771
7440		540
7441		771
7442		503
7443		511
7444		525
7445		635
7446		550
7447		290
7448		472
7449		414
7450		622
7451		556
7452		494
7453		567
7454		599
7455		528
7456		567
7457		615
7458		654
7459		421
7460		514
7461		740
7462		551
7463		613
7464		581
7465		635
7466		467
7467		562
7468		509
7469		623
7470		554
7471		406
7472		558
7473		661
7474		469
7475		598
7476		542
7477		571
7478		633
7479		763
7480		533
7481		511
7482		503
7483		677
7484		468
7485		597
7486		481
7487		472
7488		374
7489		611
7490		527
7491		493
7492		519
7493		475
7494		596
7495		478
7496		527
7497		568
7498		610
7499		762
7500		715
7501		669
7502		541
7503		838
7504		823
7505		477
7506		542
7507		494
7508		582
7509		509
7510		434
7511		545
7512		361
7513		656
7514		573
7515		475
7516		725
7517		599
7518		590
7519		816
7520		466
7521		543
7522		583
7523		644
7524		529
7525		572
7526		590
7527		503
7528		557
7529		673
7530		497
7531		550
7532		715
7533		698
7534		784
7535		524
7536		770
7537		571
7538		334
7539		446
7540		492
7541		580
7542		354
7543		519
7544		486
7545		526
7546		580
7547		721
7548		643
7549		546
7550		561
7551		548
7552		532
7553		705
7554		516
7555		419
7556		751
7557		522
7558		552
7559		619
7560		569
7561		822
7562		590
7563		744
7564		757
7565		545
7566		611
7567		657
7568		438
7569		582
7570		660
7571		497
7572		355
7573		562
7574		587
7575		545
7576		704
7577		463
7578		695
7579		589
7580		629
7581		510
7582		449
7583		593
7584		473
7585		554
7586		825
7587		480
7588		415
7589		561
7590		382
7591		514
7592		550
7593		621
7594		518
7595		677
7596		373
7597		520
7598		304
7599		543
7600		541
7601		548
7602		526
7603		506
7604		503
7605		684
7606		645
7607		690
7608		594
7609		526
7610		585
7611		549
7612		542
7613		563
7614		508
7615		524
7616		590
7617		536
7618		473
7619		548
7620		472
7621		449
7622		477
7623		719
7624		541
7625		465
7626		439
7627		547
7628		416
7629		504
7630		607
7631		489
7632		803
7633		416
7634		589
7635		408
7636		392
7637		570
7638		809
7639		522
7640		442
7641		566
7642		441
7643		598
7644		477
7645		640
7646		532
7647		508
7648		488
7649		590
7650		463
7651		505
7652		672
7653		539
7654		524
7655		685
7656		663
7657		400
7658		430
7659		547
7660		451
7661		534
7662		409
7663		505
7664		777
7665		581
7666		400
7667		493
7668		478
7669		724
7670		587
7671		640
7672		691
7673		514
7674		501
7675		465
7676		468
7677		674
7678		503
7679		484
7680		517
7681		645
7682		536
7683		507
7684		524
7685		356
7686		606
7687		590
7688		484
7689		875
7690		421
7691		568
7692		402
7693		604
7694		655
7695		547
7696		547
7697		383
7698		471
7699		526
7700		937
7701		459
7702		609
7703		605
7704		608
7705		518
7706		800
7707		487
7708		570
7709		577
7710		526
7711		507
7712		858
7713		694
7714		422
7715		404
7716		479
7717		519
7718		744
7719		588
7720		605
7721		644
7722		580
7723		601
7724		430
7725		566
7726		658
7727		552
7728		559
7729		663
7730		531
7731		424
7732		910
7733		482
7734		420
7735		531
7736		557
7737		697
7738		558
7739		621
7740		569
7741		410
7742		544
7743		524
7744		672
7745		517
7746		494
7747		891
7748		536
7749		572
7750		667
7751		578
7752		484
7753		481
7754		523
7755		506
7756		536
7757		449
7758		621
7759		456
7760		605
7761		492
7762		860
7763		565
7764		702
7765		515
7766		528
7767		527
7768		1004
7769		743
7770		459
7771		444
7772		512
7773		552
7774		537
7775		467
7776		578
7777		456
7778		702
7779		499
7780		540
7781		679
7782		499
7783		590
7784		530
7785		524
7786		473
7787		550
7788		894
7789		520
7790		606
7791		426
7792		635
7793		699
7794		549
7795		460
7796		529
7797		449
7798		447
7799		561
7800		571
7801		463
7802		547
7803		765
7804		696
7805		555
7806		395
7807		429
7808		507
7809		733
7810		611
7811		550
7812		669
7813		546
7814		569
7815		648
7816		489
7817		493
7818		539
7819		545
7820		436
7821		703
7822		491
7823		548
7824		530
7825		562
7826		510
7827		603
7828		665
7829		580
7830		443
7831		530
7832		574
7833		621
7834		543
7835		503
7836		399
7837		471
7838		593
7839		303
7840		414
7841		664
7842		327
7843		454
7844		538
7845		619
7846		548
7847		448
7848		756
7849		631
7850		414
7851		518
7852		527
7853		495
7854		508
7855		470
7856		620
7857		443
7858		495
7859		446
7860		517
7861		605
7862		447
7863		484
7864		451
7865		686
7866		548
7867		362
7868		538
7869		577
7870		567
7871		650
7872		673
7873		536
7874		524
7875		617
7876		545
7877		596
7878		525
7879		458
7880		465
7881		604
7882		546
7883		634
7884		520
7885		544
7886		492
7887		465
7888		557
7889		701
7890		681
7891		588
7892		516
7893		499
7894		538
7895		563
7896		615
7897		412
7898		623
7899		725
7900		479
7901		569
7902		646
7903		690
7904		581
7905		910
7906		498
7907		628
7908		830
7909		442
7910		402
7911		464
7912		701
7913		614
7914		579
7915		436
7916		503
7917		370
7918		832
7919		847
7920		399
7921		458
7922		512
7923		734
7924		555
7925		490
7926		505
7927		493
7928		503
7929		597
7930		675
7931		1228
7932		562
7933		560
7934		684
7935		550
7936		517
7937		764
7938		691
7939		542
7940		474
7941		617
7942		483
7943		730
7944		891
7945		554
7946		533
7947		610
7948		831
7949		658
7950		388
7951		481
7952		395
7953		707
7954		587
7955		703
7956		556
7957		475
7958		587
7959		507
7960		543
7961		584
7962		568
7963		415
7964		463
7965		520
7966		635
7967		671
7968		505
7969		506
7970		754
7971		623
7972		717
7973		552
7974		542
7975		437
7976		503
7977		602
7978		537
7979		667
7980		569
7981		491
7982		543
7983		419
7984		712
7985		514
7986		584
7987		655
7988		512
7989		573
7990		579
7991		624
7992		667
7993		562
7994		710
7995		575
7996		600
7997		491
7998		494
7999		583
8000		591
8001		583
8002		540
8003		325
8004		471
8005		540
8006		883
8007		604
8008		521
8009		675
8010		616
8011		535
8012		565
8013		528
8014		518
8015		602
8016		391
8017		525
8018		593
8019		542
8020		473
8021		417
8022		847
8023		457
8024		521
8025		584
8026		558
8027		851
8028		437
8029		545
8030		503
8031		508
8032		454
8033		1149
8034		936
8035		404
8036		472
8037		670
8038		499
8039		495
8040		488
8041		746
8042		387
8043		540
8044		476
8045		400
8046		469
8047		563
8048		863
8049		765
8050		569
8051		613
8052		573
8053		427
8054		587
8055		582
8056		470
8057		593
8058		543
8059		345
8060		628
8061		466
8062		429
8063		487
8064		576
8065		760
8066		521
8067		496
8068		519
8069		608
8070		817
8071		553
8072		224
8073		497
8074		519
8075		471
8076		574
8077		441
8078		575
8079		603
8080		1085
8081		485
8082		501
8083		381
8084		672
8085		582
8086		485
8087		657
8088		613
8089		606
8090		566
8091		301
8092		714
8093		487
8094		592
8095		510
8096		530
8097		582
8098		480
8099		876
8100		739
8101		491
8102		528
8103		367
8104		435
8105		440
8106		659
8107		500
8108		764
8109		643
8110		438
8111		435
8112		501
8113		580
8114		506
8115		559
8116		446
8117		420
8118		561
8119		529
8120		305
8121		644
8122		622
8123		455
8124		431
8125		550
8126		534
8127		487
8128		589
8129		584
8130		669
8131		496
8132		564
8133		595
8134		820
8135		416
8136		538
8137		588
8138		604
8139		339
8140		516
8141		573
8142		492
8143		734
8144		562
8145		779
8146		625
8147		693
8148		551
8149		530
8150		553
8151		487
8152		514
8153		564
8154		613
8155		641
8156		593
8157		551
8158		638
8159		448
8160		442
8161		295
8162		603
8163		574
8164		537
8165		585
8166		844
8167		556
8168		483
8169		436
8170		558
8171		626
8172		561
8173		576
8174		493
8175		578
8176		360
8177		485
8178		501
8179		490
8180		547
8181		568
8182		625
8183		548
8184		458
8185		484
8186		423
8187		543
8188		583
8189		683
8190		692
8191		687
8192		718
8193		805
8194		558
8195		963
8196		798
8197		449
8198		465
8199		447
8200		699
8201		671
8202		662
8203		352
8204		431
8205		484
8206		576
8207		582
8208		690
8209		538
8210		1059
8211		533
8212		557
8213		571
8214		539
8215		866
8216		551
8217		529
8218		554
8219		969
8220		500
8221		494
8222		509
8223		520
8224		560
8225		478
8226		1067
8227		591
8228		529
8229		546
8230		585
8231		681
8232		552
8233		573
8234		492
8235		465
8236		991
8237		428
8238		466
8239		565
8240		469
8241		567
8242		477
8243		492
8244		637
8245		519
8246		705
8247		561
8248		482
8249		499
8250		414
8251		645
8252		544
8253		876
8254		606
8255		371
8256		719
8257		574
8258		575
8259		569
8260		584
8261		531
8262		599
8263		524
8264		597
8265		479
8266		387
8267		443
8268		464
8269		671
8270		553
8271		591
8272		366
8273		484
8274		670
8275		528
8276		596
8277		457
8278		525
8279		738
8280		622
8281		588
8282		679
8283		494
8284		491
8285		517
8286		417
8287		524
8288		481
8289		353
8290		497
8291		592
8292		601
8293		709
8294		532
8295		651
8296		527
8297		580
8298		416
8299		578
8300		548
8301		661
8302		647
8303		569
8304		472
8305		510
8306		421
8307		538
8308		516
8309		526
8310		900
8311		567
8312		576
8313		421
8314		530
8315		537
8316		566
8317		553
8318		495
8319		829
8320		655
8321		407
8322		544
8323		719
8324		500
8325		529
8326		523
8327		423
8328		504
8329		452
8330		561
8331		622
8332		794
8333		708
8334		822
8335		458
8336		506
8337		516
8338		550
8339		537
8340		556
8341		408
8342		558
8343		463
8344		560
8345		471
8346		501
8347		569
8348		640
8349		414
8350		484
8351		482
8352		741
8353		515
8354		719
8355		611
8356		463
8357		436
8358		480
8359		549
8360		530
8361		454
8362		484
8363		789
8364		604
8365		444
8366		642
8367		407
8368		449
8369		693
8370		557
8371		456
8372		534
8373		521
8374		404
8375		886
8376		553
8377		813
8378		597
8379		485
8380		568
8381		461
8382		511
8383		372
8384		524
8385		476
8386		417
8387		512
8388		639
8389		522
8390		540
8391		613
8392		793
8393		684
8394		618
8395		377
8396		443
8397		571
8398		585
8399		412
8400		746
8401		499
8402		494
8403		614
8404		542
8405		422
8406		552
8407		597
8408		517
8409		371
8410		560
8411		636
8412		531
8413		486
8414		480
8415		513
8416		861
8417		617
8418		559
8419		475
8420		579
8421		507
8422		647
8423		963
8424		780
8425		689
8426		440
8427		491
8428		735
8429		404
8430		362
8431		750
8432		522
8433		523
8434		481
8435		669
8436		451
8437		544
8438		550
8439		549
8440		566
8441		534
8442		570
8443		627
8444		565
8445		637
8446		503
8447		679
8448		676
8449		801
8450		531
8451		655
8452		837
8453		497
8454		697
8455		562
8456		526
8457		680
8458		505
8459		486
8460		518
8461		526
8462		821
8463		420
8464		570
8465		473
8466		513
8467		475
8468		643
8469		543
8470		551
8471		583
8472		571
8473		638
8474		421
8475		249
8476		602
8477		675
8478		446
8479		741
8480		493
8481		342
8482		570
8483		603
8484		672
8485		366
8486		631
8487		719
8488		476
8489		725
8490		893
8491		549
8492		650
8493		607
8494		556
8495		568
8496		552
8497		553
8498		443
8499		719
8500		505
8501		596
8502		854
8503		428
8504		571
8505		565
8506		533
8507		440
8508		495
8509		521
8510		722
8511		514
8512		448
8513		629
8514		544
8515		488
8516		498
8517		606
8518		1128
8519		488
8520		527
8521		475
8522		503
8523		511
8524		635
8525		489
8526		842
8527		648
8528		485
8529		426
8530		550
8531		542
8532		487
8533		489
8534		800
8535		437
8536		533
8537		495
8538		368
8539		550
8540		567
8541		371
8542		684
8543		591
8544		564
8545		424
8546		483
8547		717
8548		498
8549		576
8550		474
8551		697
8552		658
8553		625
8554		522
8555		506
8556		502
8557		506
8558		555
8559		548
8560		620
8561		601
8562		735
8563		467
8564		553
8565		465
8566		477
8567		675
8568		552
8569		536
8570		499
8571		670
8572		558
8573		537
8574		763
8575		464
8576		472
8577		631
8578		488
8579		583
8580		618
8581		537
8582		620
8583		559
8584		467
8585		586
8586		454
8587		260
8588		442
8589		539
8590		496
8591		668
8592		636
8593		590
8594		442
8595		550
8596		683
8597		774
8598		447
8599		499
8600		524
8601		498
8602		548
8603		530
8604		354
8605		565
8606		583
8607		464
8608		652
8609		639
8610		872
8611		525
8612		579
8613		621
8614		833
8615		713
8616		467
8617		557
8618		759
8619		527
8620		582
8621		476
8622		692
8623		524
8624		617
8625		653
8626		502
8627		555
8628		563
8629		569
8630		522
8631		565
8632		511
8633		813
8634		491
8635		549
8636		759
8637		543
8638		515
8639		358
8640		553
8641		750
8642		462
8643		599
8644		741
8645		552
8646		597
8647		530
8648		540
8649		561
8650		405
8651		572
8652		458
8653		861
8654		712
8655		552
8656		560
8657		543
8658		1027
8659		711
8660		589
8661		445
8662		379
8663		650
8664		732
8665		502
8666		466
8667		497
8668		558
8669		595
8670		559
8671		179
8672		560
8673		304
8674		564
8675		565
8676		814
8677		515
8678		637
8679		553
8680		475
8681		527
8682		751
8683		526
8684		534
8685		487
8686		473
8687		429
8688		590
8689		536
8690		481
8691		541
8692		566
8693		519
8694		797
8695		314
8696		648
8697		415
8698		888
8699		514
8700		546
8701		676
8702		558
8703		233
8704		953
8705		568
8706		544
8707		520
8708		819
8709		617
8710		597
8711		493
8712		740
8713		530
8714		461
8715		482
8716		429
8717		482
8718		526
8719		666
8720		646
8721		583
8722		501
8723		515
8724		219
8725		600
8726		563
8727		681
8728		426
8729		511
8730		574
8731		529
8732		582
8733		572
8734		522
8735		542
8736		399
8737		680
8738		380
8739		783
8740		507
8741		392
8742		449
8743		604
8744		640
8745		571
8746		541
8747		550
8748		739
8749		822
8750		615
8751		599
8752		515
8753		463
8754		546
8755		418
8756		573
8757		561
8758		543
8759		588
8760		548
8761		502
8762		530
8763		526
8764		594
8765		567
8766		721
8767		537
8768		546
8769		530
8770		590
8771		647
8772		483
8773		682
8774		425
8775		469
8776		575
8777		482
8778		617
8779		575
8780		542
8781		576
8782		504
8783		434
8784		536
8785		507
8786		662
8787		651
8788		468
8789		559
8790		713
8791		594
8792		735
8793		360
8794		481
8795		367
8796		768
8797		657
8798		449
8799		583
8800		691
8801		654
8802		454
8803		529
8804		712
8805		506
8806		451
8807		850
8808		447
8809		680
8810		533
8811		621
8812		594
8813		782
8814		861
8815		438
8816		790
8817		501
8818		547
8819		419
8820		618
8821		646
8822		634
8823		628
8824		540
8825		640
8826		854
8827		621
8828		548
8829		585
8830		582
8831		670
8832		632
8833		557
8834		527
8835		482
8836		415
8837		641
8838		612
8839		528
8840		449
8841		633
8842		337
8843		854
8844		498
8845		700
8846		713
8847		527
8848		496
8849		573
8850		438
8851		536
8852		784
8853		574
8854		493
8855		633
8856		543
8857		507
8858		908
8859		480
8860		504
8861		519
8862		511
8863		734
8864		998
8865		601
8866		648
8867		648
8868		503
8869		446
8870		508
8871		496
8872		556
8873		463
8874		373
8875		533
8876		670
8877		559
8878		609
8879		502
8880		478
8881		611
8882		529
8883		517
8884		561
8885		660
8886		516
8887		547
8888		533
8889		687
8890		740
8891		454
8892		601
8893		562
8894		579
8895		596
8896		616
8897		495
8898		365
8899		456
8900		568
8901		499
8902		534
8903		528
8904		511
8905		410
8906		381
8907		598
8908		542
8909		530
8910		500
8911		532
8912		464
8913		534
8914		762
8915		752
8916		601
8917		669
8918		608
8919		549
8920		437
8921		642
8922		482
8923		405
8924		557
8925		498
8926		577
8927		404
8928		596
8929		390
8930		379
8931		445
8932		459
8933		560
8934		549
8935		587
8936		568
8937		549
8938		663
8939		516
8940		559
8941		439
8942		548
8943		633
8944		531
8945		404
8946		797
8947		952
8948		482
8949		498
8950		574
8951		545
8952		672
8953		630
8954		642
8955		536
8956		482
8957		505
8958		607
8959		622
8960		739
8961		390
8962		719
8963		515
8964		556
8965		361
8966		598
8967		365
8968		534
8969		599
8970		582
8971		544
8972		630
8973		518
8974		677
8975		568
8976		696
8977		680
8978		490
8979		514
8980		435
8981		558
8982		477
8983		590
8984		676
8985		579
8986		658
8987		870
8988		450
8989		705
8990		570
8991		485
8992		515
8993		561
8994		493
8995		552
8996		326
8997		571
8998		628
8999		704
9000		534
9001		538
9002		625
9003		516
9004		334
9005		661
9006		385
9007		530
9008		540
9009		525
9010		452
9011		502
9012		494
9013		483
9014		524
9015		575
9016		599
9017		472
9018		363
9019		628
9020		709
9021		532
9022		807
9023		1021
9024		533
9025		451
9026		589
9027		499
9028		625
9029		585
9030		499
9031		567
9032		468
9033		683
9034		483
9035		492
9036		412
9037		543
9038		600
9039		520
9040		492
9041		498
9042		424
9043		481
9044		639
9045		519
9046		478
9047		407
9048		594
9049		623
9050		810
9051		483
9052		606
9053		545
9054		478
9055		549
9056		548
9057		523
9058		508
9059		592
9060		556
9061		401
9062		550
9063		590
9064		638
9065		495
9066		516
9067		688
9068		676
9069		515
9070		506
9071		726
9072		567
9073		553
9074		623
9075		661
9076		491
9077		518
9078		629
9079		538
9080		637
9081		587
9082		557
9083		489
9084		618
9085		537
9086		462
9087		485
9088		616
9089		553
9090		356
9091		607
9092		709
9093		654
9094		574
9095		808
9096		615
9097		361
9098		809
9099		557
9100		592
9101		506
9102		533
9103		448
9104		515
9105		636
9106		605
9107		550
9108		741
9109		479
9110		747
9111		580
9112		458
9113		637
9114		386
9115		386
9116		676
9117		592
9118		577
9119		495
9120		480
9121		452
9122		475
9123		519
9124		423
9125		573
9126		629
9127		638
9128		375
9129		475
9130		779
9131		448
9132		621
9133		758
9134		433
9135		775
9136		595
9137		470
9138		622
9139		537
9140		366
9141		520
9142		576
9143		671
9144		309
9145		605
9146		535
9147		558
9148		657
9149		359
9150		794
9151		822
9152		588
9153		626
9154		487
9155		563
9156		471
9157		576
9158		677
9159		792
9160		573
9161		729
9162		832
9163		492
9164		335
9165		938
9166		542
9167		517
9168		487
9169		571
9170		679
9171		420
9172		753
9173		449
9174		458
9175		455
9176		702
9177		611
9178		588
9179		562
9180		547
9181		560
9182		543
9183		352
9184		403
9185		491
9186		714
9187		545
9188		501
9189		577
9190		283
9191		491
9192		571
9193		576
9194		543
9195		493
9196		667
9197		464
9198		644
9199		528
9200		427
9201		515
9202		548
9203		566
9204		812
9205		499
9206		505
9207		468
9208		480
9209		569
9210		519
9211		936
9212		901
9213		602
9214		549
9215		555
9216		661
9217		180
9218		418
9219		1179
9220		644
9221		592
9222		686
9223		668
9224		569
9225		610
9226		642
9227		542
9228		869
9229		619
9230		605
9231		546
9232		594
9233		681
9234		726
9235		546
9236		725
9237		657
9238		537
9239		451
9240		459
9241		496
9242		455
9243		905
9244		551
9245		841
9246		679
9247		494
9248		477
9249		344
9250		587
9251		534
9252		623
9253		528
9254		639
9255		539
9256		509
9257		676
9258		580
9259		521
9260		576
9261		534
9262		775
9263		465
9264		525
9265		474
9266		637
9267		502
9268		731
9269		691
9270		583
9271		379
9272		557
9273		499
9274		269
9275		507
9276		297
9277		577
9278		596
9279		572
9280		599
9281		461
9282		497
9283		563
9284		513
9285		628
9286		660
9287		537
9288		523
9289		462
9290		688
9291		600
9292		459
9293		455
9294		576
9295		689
9296		340
9297		655
9298		521
9299		591
9300		566
9301		566
9302		517
9303		485
9304		550
9305		504
9306		486
9307		626
9308		309
9309		556
9310		561
9311		394
9312		555
9313		604
9314		785
9315		508
9316		525
9317		545
9318		639
9319		492
9320		612
9321		452
9322		591
9323		498
9324		711
9325		623
9326		574
9327		514
9328		459
9329		646
9330		373
9331		704
9332		474
9333		665
9334		696
9335		868
9336		586
9337		538
9338		560
9339		617
9340		485
9341		393
9342		561
9343		470
9344		623
9345		698
9346		508
9347		455
9348		551
9349		511
9350		516
9351		790
9352		510
9353		536
9354		549
9355		565
9356		654
9357		533
9358		855
9359		574
9360		596
9361		507
9362		559
9363		489
9364		642
9365		504
9366		581
9367		472
9368		682
9369		502
9370		591
9371		551
9372		567
9373		837
9374		532
9375		642
9376		692
9377		758
9378		543
9379		570
9380		557
9381		514
9382		637
9383		561
9384		605
9385		510
9386		562
9387		363
9388		600
9389		566
9390		405
9391		530
9392		525
9393		655
9394		594
9395		514
9396		506
9397		540
9398		919
9399		620
9400		533
9401		885
9402		418
9403		551
9404		583
9405		684
9406		300
9407		405
9408		449
9409		658
9410		621
9411		451
9412		630
9413		596
9414		524
9415		465
9416		696
9417		483
9418		782
9419		539
9420		704
9421		583
9422		486
9423		579
9424		534
9425		367
9426		473
9427		499
9428		646
9429		598
9430		754
9431		473
9432		579
9433		614
9434		784
9435		545
9436		551
9437		544
9438		545
9439		615
9440		529
9441		662
9442		569
9443		586
9444		537
9445		519
9446		652
9447		460
9448		419
9449		562
9450		537
9451		376
9452		517
9453		539
9454		703
9455		641
9456		592
9457		638
9458		510
9459		576
9460		601
9461		509
9462		581
9463		556
9464		367
9465		520
9466		512
9467		699
9468		403
9469		512
9470		554
9471		560
9472		694
9473		710
9474		813
9475		697
9476		544
9477		500
9478		520
9479		455
9480		429
9481		498
9482		488
9483		584
9484		579
9485		639
9486		505
9487		521
9488		505
9489		620
9490		486
9491		557
9492		545
9493		554
9494		635
9495		674
9496		465
9497		500
9498		682
9499		562
9500		699
9501		620
9502		456
9503		540
9504		722
9505		641
9506		284
9507		728
9508		583
9509		689
9510		622
9511		701
9512		703
9513		428
9514		526
9515		544
9516		1138
9517		695
9518		545
9519		522
9520		363
9521		534
9522		736
9523		574
9524		1031
9525		486
9526		517
9527		549
9528		624
9529		474
9530		462
9531		514
9532		485
9533		570
9534		604
9535		817
9536		574
9537		495
9538		656
9539		515
9540		567
9541		470
9542		591
9543		521
9544		460
9545		412
9546		404
9547		554
9548		508
9549		624
9550		713
9551		500
9552		676
9553		635
9554		505
9555		652
9556		498
9557		473
9558		537
9559		843
9560		595
9561		500
9562		552
9563		461
9564		396
9565		282
9566		621
9567		625
9568		493
9569		594
9570		695
9571		544
9572		555
9573		545
9574		658
9575		460
9576		633
9577		543
9578		691
9579		413
9580		591
9581		608
9582		739
9583		524
9584		530
9585		478
9586		707
9587		706
9588		459
9589		634
9590		528
9591		619
9592		449
9593		498
9594		589
9595		379
9596		575
9597		455
9598		1082
9599		727
9600		483
9601		339
9602		530
9603		542
9604		527
9605		624
9606		451
9607		498
9608		457
9609		562
9610		1040
9611		772
9612		584
9613		465
9614		563
9615		691
9616		521
9617		514
9618		685
9619		573
9620		314
9621		525
9622		484
9623		452
9624		619
9625		541
9626		579
9627		655
9628		556
9629		486
9630		520
9631		420
9632		958
9633		682
9634		514
9635		608
9636		445
9637		417
9638		407
9639		491
9640		526
9641		450
9642		587
9643		565
9644		579
9645		648
9646		463
9647		849
9648		594
9649		482
9650		430
9651		515
9652		448
9653		671
9654		428
9655		507
9656		568
9657		574
9658		677
9659		606
9660		569
9661		591
9662		674
9663		470
9664		799
9665		629
9666		581
9667		456
9668		667
9669		350
9670		538
9671		691
9672		513
9673		554
9674		529
9675		515
9676		515
9677		653
9678		452
9679		557
9680		768
9681		481
9682		586
9683		477
9684		455
9685		721
9686		644
9687		576
9688		509
9689		564
9690		549
9691		532
9692		555
9693		449
9694		520
9695		531
9696		538
9697		540
9698		682
9699		547
9700		551
9701		637
9702		495
9703		370
9704		428
9705		524
9706		467
9707		645
9708		691
9709		569
9710		527
9711		523
9712		631
9713		683
9714		568
9715		612
9716		692
9717		562
9718		539
9719		497
9720		554
9721		527
9722		499
9723		616
9724		510
9725		692
9726		630
9727		506
9728		804
9729		582
9730		480
9731		454
9732		520
9733		681
9734		530
9735		799
9736		672
9737		585
9738		550
9739		495
9740		580
9741		554
9742		610
9743		523
9744		496
9745		391
9746		625
9747		830
9748		502
9749		523
9750		801
9751		420
9752		595
9753		553
9754		496
9755		403
9756		588
9757		603
9758		447
9759		768
9760		502
9761		986
9762		732
9763		375
9764		554
9765		541
9766		504
9767		407
9768		578
9769		530
9770		561
9771		555
9772		806
9773		590
9774		520
9775		524
9776		575
9777		666
9778		568
9779		822
9780		498
9781		706
9782		351
9783		523
9784		532
9785		683
9786		665
9787		595
9788		399
9789		576
9790		704
9791		460
9792		534
9793		472
9794		399
9795		650
9796		548
9797		427
9798		405
9799		373
9800		661
9801		525
9802		633
9803		558
9804		498
9805		612
9806		354
9807		524
9808		669
9809		441
9810		528
9811		479
9812		594
9813		725
9814		720
9815		464
9816		538
9817		382
9818		538
9819		457
9820		502
9821		562
9822		513
9823		703
9824		538
9825		507
9826		521
9827		473
9828		550
9829		539
9830		444
9831		503
9832		629
9833		568
9834		858
9835		602
9836		712
9837		543
9838		316
9839		425
9840		578
9841		665
9842		542
9843		507
9844		726
9845		907
9846		470
9847		429
9848		645
9849		416
9850		661
9851		470
9852		512
9853		563
9854		427
9855		582
9856		640
9857		527
9858		487
9859		418
9860		571
9861		538
9862		834
9863		541
9864		547
9865		571
9866		546
9867		587
9868		485
9869		453
9870		708
9871		515
9872		791
9873		416
9874		711
9875		658
9876		494
9877		554
9878		519
9879		438
9880		451
9881		692
9882		493
9883		639
9884		506
9885		573
9886		638
9887		542
9888		624
9889		451
9890		480
9891		308
9892		537
9893		1003
9894		286
9895		488
9896		476
9897		488
9898		584
9899		742
9900		446
9901		481
9902		529
9903		577
9904		571
9905		535
9906		519
9907		595
9908		643
9909		569
9910		468
9911		557
9912		753
9913		562
9914		602
9915		691
9916		565
9917		486
9918		435
9919		351
9920		515
9921		510
9922		470
9923		584
9924		707
9925		541
9926		587
9927		582
9928		670
9929		609
9930		558
9931		542
9932		381
9933		327
9934		597
9935		571
9936		346
9937		511
9938		459
9939		576
9940		522
9941		452
9942		648
9943		526
9944		528
9945		517
9946		569
9947		702
9948		447
9949		577
9950		720
9951		406
9952		560
9953		535
9954		456
9955		518
9956		484
9957		512
9958		595
9959		501
9960		565
9961		457
9962		630
9963		520
9964		469
9965		987
9966		419
9967		480
9968		646
9969		498
9970		957
9971		596
9972		542
9973		610
9974		665
9975		572
9976		662
9977		470
9978		509
9979		480
9980		643
9981		426
9982		423
9983		670
9984		425
9985		514
9986		590
9987		662
9988		616
9989		493
9990		745
9991		637
9992		565
9993		457
9994		527
9995		809
9996		646
9997		643
9998		467
9999		589
