0		0
1		3
2		3
3		2
4		3
5		3
6		3
7		3
8		3
9		3
10		3
11		3
12		2
13		3
14		3
15		3
16		3
17		2
18		3
19		3
20		2
21		3
22		3
23		3
24		2
25		3
26		3
27		3
28		3
29		3
30		2
31		3
32		3
33		3
34		3
35		3
36		3
37		3
38		3
39		3
40		3
41		3
42		2
43		3
44		2
45		3
46		3
47		3
48		2
49		3
50		3
51		3
52		2
53		3
54		3
55		3
56		3
57		3
58		3
59		3
60		2
61		3
62		2
63		3
64		3
65		3
66		3
67		2
68		3
69		3
70		3
71		3
72		3
73		2
74		3
75		3
76		3
77		3
78		2
79		3
80		3
81		3
82		3
83		3
84		3
85		3
86		3
87		3
88		3
89		2
90		2
91		3
92		3
93		3
94		3
95		3
96		3
97		3
98		3
99		3
100		3
101		3
102		3
103		3
104		3
105		3
106		2
107		2
108		2
109		2
110		3
111		3
112		3
113		3
114		2
115		3
116		3
117		3
118		2
119		3
120		2
121		3
122		3
123		2
124		3
125		3
126		2
127		3
128		3
129		3
130		3
131		3
132		3
133		2
134		3
135		3
136		3
137		3
138		3
139		3
140		3
141		3
142		2
143		3
144		3
145		3
146		2
147		3
148		2
149		2
150		3
151		3
152		3
153		3
154		3
155		3
156		2
157		3
158		2
159		3
160		3
161		3
162		3
163		3
164		3
165		2
166		3
167		3
168		3
169		2
170		3
171		3
172		3
173		2
174		2
175		3
176		3
177		3
178		3
179		3
180		3
181		2
182		4
183		2
184		3
185		3
186		3
187		2
188		2
189		3
190		3
191		2
192		3
193		3
194		3
195		3
196		3
197		4
198		3
199		3
200		3
201		3
202		3
203		3
204		3
205		3
206		1
207		3
208		3
209		3
210		1
211		3
212		2
213		3
214		3
215		3
216		3
217		2
218		3
219		2
220		3
221		3
222		2
223		3
224		2
225		3
226		3
227		3
228		2
229		3
230		2
231		3
232		2
233		3
234		2
235		3
236		3
237		2
238		2
239		2
240		3
241		3
242		3
243		3
244		3
245		3
246		3
247		3
248		2
249		3
250		3
251		2
252		3
253		3
254		3
255		2
256		2
257		3
258		3
259		3
260		3
261		3
262		3
263		3
264		2
265		3
266		3
267		3
268		3
269		3
270		3
271		2
272		2
273		1
274		3
275		2
276		3
277		3
278		3
279		3
280		2
281		3
282		3
283		3
284		3
285		3
286		3
287		3
288		2
289		2
290		2
291		3
292		3
293		3
294		3
295		3
296		3
297		2
298		3
299		3
300		2
301		3
302		3
303		2
304		3
305		3
306		3
307		2
308		3
309		3
310		3
311		3
312		2
313		3
314		2
315		3
316		2
317		2
318		2
319		3
320		3
321		3
322		3
323		3
324		3
325		3
326		3
327		3
328		3
329		3
330		2
331		3
332		3
333		3
334		3
335		3
336		2
337		3
338		3
339		3
340		2
341		3
342		3
343		3
344		2
345		3
346		1
347		3
348		2
349		2
350		2
351		3
352		3
353		2
354		3
355		3
356		3
357		3
358		2
359		2
360		3
361		3
362		3
363		3
364		3
365		3
366		3
367		3
368		3
369		2
370		3
371		3
372		3
373		2
374		3
375		2
376		3
377		3
378		1
379		2
380		3
381		2
382		3
383		3
384		3
385		2
386		3
387		3
388		3
389		3
390		3
391		3
392		1
393		3
394		2
395		3
396		3
397		2
398		3
399		3
400		3
401		2
402		3
403		3
404		3
405		2
406		4
407		3
408		2
409		3
410		3
411		3
412		2
413		3
414		3
415		2
416		2
417		3
418		2
419		3
420		3
421		3
422		3
423		3
424		3
425		3
426		3
427		3
428		3
429		3
430		3
431		3
432		2
433		2
434		2
435		3
436		2
437		2
438		3
439		3
440		3
441		2
442		2
443		3
444		3
445		2
446		3
447		3
448		3
449		3
450		3
451		3
452		2
453		2
454		2
455		3
456		3
457		2
458		3
459		2
460		3
461		3
462		3
463		3
464		2
465		3
466		3
467		3
468		3
469		3
470		3
471		3
472		3
473		3
474		3
475		3
476		3
477		3
478		3
479		3
480		3
481		3
482		3
483		3
484		3
485		3
486		3
487		3
488		3
489		2
490		3
491		1
492		3
493		3
494		2
495		3
496		3
497		3
498		3
499		3
500		3
501		3
502		3
503		3
504		3
505		3
506		2
507		3
508		3
509		3
510		3
511		3
512		3
513		3
514		3
515		3
516		3
517		3
518		3
519		3
520		3
521		3
522		3
523		3
524		3
525		3
526		3
527		3
528		3
529		2
530		3
531		3
532		3
533		3
534		3
535		3
536		3
537		2
538		3
539		2
540		3
541		3
542		3
543		3
544		1
545		3
546		3
547		3
548		3
549		2
550		3
551		3
552		1
553		3
554		3
555		2
556		3
557		2
558		3
559		3
560		3
561		3
562		3
563		3
564		2
565		3
566		3
567		3
568		3
569		3
570		3
571		2
572		3
573		3
574		3
575		3
576		3
577		3
578		3
579		2
580		3
581		3
582		3
583		2
584		3
585		1
586		2
587		2
588		3
589		2
590		3
591		3
592		2
593		3
594		2
595		2
596		3
597		2
598		2
599		2
600		2
601		3
602		3
603		3
604		3
605		3
606		3
607		2
608		2
609		3
610		2
611		2
612		3
613		3
614		3
615		3
616		3
617		3
618		3
619		3
620		2
621		2
622		3
623		3
624		2
625		2
626		3
627		3
628		3
629		3
630		3
631		3
632		3
633		3
634		3
635		2
636		3
637		3
638		2
639		2
640		3
641		3
642		2
643		3
644		3
645		3
646		2
647		3
648		2
649		3
650		3
651		3
652		3
653		3
654		2
655		3
656		2
657		3
658		2
659		2
660		2
661		3
662		3
663		3
664		3
665		3
666		3
667		3
668		3
669		3
670		3
671		3
672		3
673		3
674		3
675		2
676		3
677		3
678		2
679		2
680		3
681		2
682		2
683		3
684		3
685		3
686		3
687		3
688		3
689		2
690		3
691		3
692		3
693		1
694		3
695		3
696		3
697		2
698		2
699		3
700		3
701		2
702		2
703		3
704		2
705		2
706		3
707		3
708		3
709		3
710		2
711		3
712		2
713		3
714		3
715		3
716		3
717		3
718		4
719		2
720		3
721		2
722		3
723		3
724		3
725		2
726		2
727		2
728		3
729		2
730		3
731		2
732		2
733		3
734		3
735		3
736		3
737		3
738		3
739		3
740		3
741		3
742		2
743		2
744		3
745		3
746		3
747		3
748		2
749		3
750		3
751		3
752		3
753		3
754		3
755		3
756		3
757		2
758		3
759		2
760		1
761		2
762		2
763		3
764		2
765		3
766		3
767		2
768		3
769		3
770		3
771		3
772		3
773		3
774		3
775		3
776		3
777		3
778		2
779		3
780		3
781		2
782		3
783		3
784		3
785		3
786		3
787		3
788		3
789		2
790		2
791		3
792		3
793		2
794		3
795		2
796		3
797		2
798		3
799		3
800		2
801		3
802		3
803		3
804		3
805		3
806		3
807		2
808		3
809		3
810		3
811		2
812		3
813		2
814		3
815		3
816		3
817		2
818		3
819		3
820		2
821		3
822		3
823		3
824		2
825		3
826		3
827		3
828		3
829		3
830		3
831		2
832		2
833		3
834		2
835		2
836		3
837		3
838		3
839		3
840		3
841		3
842		3
843		3
844		3
845		3
846		3
847		3
848		3
849		3
850		3
851		2
852		3
853		3
854		2
855		3
856		3
857		3
858		3
859		3
860		2
861		3
862		3
863		3
864		3
865		3
866		2
867		2
868		3
869		3
870		3
871		2
872		3
873		3
874		3
875		3
876		3
877		3
878		3
879		4
880		3
881		3
882		2
883		2
884		2
885		3
886		3
887		2
888		3
889		3
890		3
891		3
892		3
893		2
894		3
895		3
896		3
897		3
898		3
899		2
900		3
901		3
902		3
903		3
904		3
905		2
906		3
907		3
908		3
909		3
910		2
911		3
912		3
913		3
914		3
915		2
916		3
917		3
918		3
919		3
920		2
921		2
922		3
923		2
924		3
925		3
926		3
927		3
928		2
929		3
930		3
931		3
932		3
933		3
934		2
935		2
936		2
937		2
938		3
939		3
940		3
941		3
942		3
943		3
944		1
945		2
946		3
947		2
948		3
949		3
950		3
951		3
952		2
953		3
954		3
955		2
956		3
957		2
958		3
959		3
960		3
961		3
962		3
963		3
964		3
965		3
966		3
967		3
968		3
969		3
970		3
971		3
972		3
973		3
974		3
975		2
976		3
977		3
978		2
979		3
980		3
981		3
982		3
983		3
984		2
985		2
986		3
987		3
988		3
989		3
990		3
991		2
992		3
993		3
994		3
995		3
996		3
997		2
998		2
999		3
