0		0
1		55
2		43
3		57
4		68
5		61
6		47
7		53
8		45
9		47
10		49
11		53
12		54
13		65
14		57
15		45
16		48
17		33
18		43
19		57
20		58
21		31
22		50
23		61
24		58
25		43
26		61
27		54
28		42
29		59
30		52
31		51
32		43
33		55
34		43
35		50
36		46
37		57
38		48
39		49
40		51
41		46
42		43
43		55
44		28
45		49
46		41
47		56
48		56
49		59
50		62
51		48
52		42
53		59
54		50
55		49
56		17
57		64
58		54
59		62
60		45
61		38
62		55
63		56
64		50
65		63
66		51
67		49
68		70
69		56
70		48
71		55
72		46
73		79
74		50
75		56
76		56
77		62
78		55
79		46
80		48
81		55
82		46
83		56
84		38
85		63
86		42
87		54
88		53
89		51
90		58
91		59
92		60
93		55
94		52
95		42
96		62
97		28
98		54
99		35
100		37
101		49
102		50
103		51
104		70
105		67
106		37
107		49
108		47
109		65
110		56
111		34
112		57
113		54
114		56
115		55
116		52
117		37
118		66
119		47
120		51
121		50
122		65
123		78
124		37
125		54
126		54
127		47
128		59
129		81
130		66
131		54
132		52
133		65
134		58
135		49
136		51
137		52
138		52
139		72
140		79
141		61
142		65
143		49
144		52
145		59
146		47
147		52
148		54
149		43
150		58
151		53
152		63
153		40
154		77
155		58
156		48
157		49
158		45
159		56
160		44
161		48
162		55
163		49
164		57
165		36
166		50
167		52
168		51
169		48
170		64
171		51
172		61
173		50
174		53
175		36
176		55
177		54
178		54
179		61
180		54
181		59
182		66
183		56
184		55
185		51
186		20
187		74
188		34
189		44
190		65
191		54
192		41
193		37
194		40
195		58
196		52
197		49
198		32
199		53
200		44
201		56
202		56
203		65
204		50
205		68
206		54
207		44
208		28
209		47
210		52
211		61
212		55
213		62
214		32
215		44
216		33
217		38
218		61
219		42
220		43
221		50
222		49
223		53
224		55
225		36
226		44
227		54
228		61
229		80
230		65
231		69
232		54
233		50
234		47
235		62
236		40
237		50
238		46
239		58
240		51
241		39
242		56
243		67
244		55
245		45
246		48
247		56
248		52
249		56
250		47
251		61
252		52
253		52
254		45
255		43
256		58
257		55
258		58
259		60
260		55
261		53
262		52
263		61
264		60
265		68
266		66
267		48
268		44
269		35
270		54
271		61
272		53
273		48
274		44
275		74
276		55
277		57
278		57
279		42
280		31
281		38
282		48
283		38
284		39
285		28
286		52
287		57
288		46
289		48
290		60
291		54
292		64
293		52
294		54
295		44
296		53
297		59
298		43
299		45
300		45
301		43
302		43
303		37
304		73
305		54
306		54
307		67
308		58
309		44
310		43
311		58
312		48
313		53
314		49
315		54
316		56
317		58
318		56
319		32
320		56
321		54
322		47
323		44
324		51
325		47
326		49
327		60
328		48
329		50
330		77
331		54
332		59
333		51
334		47
335		53
336		47
337		67
338		46
339		54
340		47
341		44
342		43
343		63
344		35
345		63
346		56
347		56
348		52
349		55
350		60
351		42
352		39
353		50
354		53
355		46
356		28
357		62
358		53
359		50
360		55
361		56
362		49
363		47
364		52
365		47
366		39
367		33
368		48
369		59
370		36
371		52
372		46
373		51
374		47
375		52
376		72
377		54
378		54
379		48
380		41
381		43
382		49
383		59
384		44
385		55
386		64
387		52
388		45
389		38
390		58
391		55
392		61
393		44
394		53
395		51
396		62
397		56
398		39
399		57
400		70
401		42
402		53
403		52
404		57
405		48
406		65
407		54
408		64
409		31
410		52
411		55
412		51
413		76
414		58
415		47
416		54
417		59
418		58
419		51
420		56
421		58
422		50
423		50
424		35
425		60
426		58
427		45
428		58
429		60
430		40
431		54
432		62
433		52
434		62
435		44
436		57
437		32
438		55
439		47
440		56
441		48
442		79
443		59
444		49
445		47
446		24
447		74
448		67
449		56
450		61
451		45
452		53
453		50
454		60
455		45
456		39
457		53
458		45
459		56
460		37
461		51
462		55
463		51
464		56
465		49
466		43
467		61
468		36
469		54
470		51
471		73
472		54
473		56
474		51
475		47
476		51
477		55
478		41
479		57
480		45
481		66
482		40
483		49
484		55
485		46
486		56
487		63
488		60
489		57
490		47
491		32
492		47
493		51
494		46
495		45
496		53
497		50
498		54
499		67
500		58
501		49
502		54
503		59
504		58
505		53
506		61
507		63
508		32
509		59
510		74
511		43
512		41
513		54
514		43
515		50
516		51
517		38
518		46
519		57
520		62
521		63
522		52
523		64
524		51
525		57
526		48
527		49
528		46
529		65
530		68
531		58
532		64
533		39
534		46
535		40
536		48
537		52
538		44
539		46
540		37
541		29
542		66
543		59
544		48
545		37
546		57
547		65
548		47
549		59
550		49
551		38
552		38
553		55
554		57
555		49
556		41
557		57
558		47
559		48
560		65
561		48
562		46
563		61
564		62
565		64
566		52
567		50
568		47
569		55
570		65
571		46
572		56
573		56
574		48
575		55
576		54
577		61
578		50
579		38
580		51
581		44
582		43
583		45
584		57
585		62
586		42
587		57
588		37
589		52
590		49
591		60
592		43
593		55
594		50
595		68
596		43
597		36
598		57
599		45
600		52
601		56
602		41
603		48
604		57
605		58
606		50
607		51
608		56
609		52
610		62
611		46
612		44
613		38
614		54
615		58
616		50
617		46
618		56
619		71
620		33
621		52
622		53
623		57
624		58
625		49
626		43
627		63
628		47
629		55
630		56
631		58
632		42
633		58
634		34
635		45
636		54
637		65
638		48
639		59
640		49
641		54
642		51
643		59
644		30
645		45
646		49
647		69
648		72
649		57
650		39
651		43
652		66
653		52
654		43
655		47
656		40
657		47
658		52
659		77
660		62
661		56
662		61
663		50
664		51
665		65
666		51
667		52
668		49
669		49
670		44
671		51
672		36
673		56
674		60
675		58
676		75
677		51
678		65
679		49
680		56
681		47
682		47
683		45
684		45
685		59
686		43
687		54
688		35
689		55
690		38
691		52
692		54
693		55
694		55
695		56
696		52
697		19
698		54
699		28
700		57
701		55
702		53
703		42
704		40
705		65
706		50
707		61
708		59
709		62
710		72
711		57
712		56
713		40
714		51
715		41
716		55
717		44
718		42
719		54
720		29
721		34
722		40
723		56
724		62
725		47
726		55
727		47
728		29
729		55
730		58
731		47
732		57
733		74
734		51
735		50
736		56
737		44
738		47
739		47
740		63
741		49
742		73
743		57
744		48
745		54
746		58
747		44
748		48
749		52
750		70
751		52
752		33
753		59
754		47
755		79
756		43
757		54
758		46
759		67
760		63
761		56
762		38
763		54
764		53
765		60
766		53
767		53
768		50
769		54
770		60
771		57
772		31
773		48
774		18
775		47
776		59
777		32
778		39
779		46
780		69
781		44
782		55
783		40
784		46
785		49
786		46
787		50
788		43
789		48
790		52
791		58
792		37
793		63
794		80
795		61
796		44
797		57
798		58
799		43
800		51
801		66
802		50
803		66
804		67
805		56
806		55
807		61
808		59
809		54
810		49
811		73
812		58
813		59
814		49
815		64
816		47
817		43
818		44
819		59
820		49
821		60
822		18
823		51
824		51
825		38
826		41
827		70
828		49
829		54
830		68
831		31
832		51
833		64
834		43
835		49
836		61
837		53
838		49
839		16
840		44
841		52
842		37
843		55
844		56
845		58
846		47
847		54
848		62
849		48
850		65
851		57
852		60
853		52
854		55
855		50
856		52
857		48
858		51
859		73
860		27
861		59
862		52
863		42
864		42
865		56
866		55
867		46
868		47
869		48
870		69
871		70
872		55
873		59
874		48
875		38
876		61
877		42
878		46
879		60
880		41
881		48
882		65
883		36
884		47
885		51
886		56
887		47
888		52
889		63
890		48
891		66
892		55
893		56
894		54
895		18
896		58
897		66
898		47
899		35
900		64
901		49
902		42
903		53
904		62
905		51
906		48
907		42
908		38
909		78
910		63
911		60
912		49
913		48
914		45
915		33
916		59
917		46
918		56
919		47
920		56
921		58
922		46
923		46
924		34
925		49
926		50
927		61
928		57
929		53
930		65
931		75
932		44
933		55
934		59
935		62
936		60
937		61
938		50
939		56
940		60
941		45
942		43
943		39
944		54
945		35
946		51
947		50
948		57
949		49
950		71
951		35
952		51
953		46
954		54
955		49
956		43
957		60
958		52
959		50
960		54
961		52
962		62
963		33
964		46
965		60
966		46
967		46
968		40
969		58
970		57
971		73
972		63
973		59
974		42
975		60
976		63
977		54
978		53
979		63
980		38
981		53
982		66
983		48
984		62
985		53
986		36
987		44
988		48
989		43
990		36
991		48
992		49
993		56
994		60
995		49
996		50
997		43
998		81
999		53
1000		31
1001		47
1002		42
1003		39
1004		49
1005		47
1006		53
1007		60
1008		36
1009		49
1010		47
1011		55
1012		45
1013		62
1014		59
1015		65
1016		62
1017		43
1018		66
1019		48
1020		58
1021		27
1022		56
1023		50
1024		51
1025		53
1026		49
1027		61
1028		57
1029		54
1030		66
1031		51
1032		45
1033		44
1034		48
1035		57
1036		40
1037		55
1038		49
1039		57
1040		53
1041		39
1042		30
1043		69
1044		34
1045		43
1046		46
1047		54
1048		44
1049		50
1050		52
1051		47
1052		59
1053		46
1054		33
1055		62
1056		46
1057		59
1058		37
1059		51
1060		48
1061		53
1062		56
1063		47
1064		54
1065		61
1066		55
1067		49
1068		59
1069		40
1070		48
1071		56
1072		31
1073		57
1074		48
1075		65
1076		53
1077		66
1078		50
1079		45
1080		56
1081		66
1082		58
1083		40
1084		57
1085		36
1086		43
1087		48
1088		44
1089		51
1090		52
1091		32
1092		39
1093		42
1094		45
1095		69
1096		49
1097		55
1098		55
1099		53
1100		51
1101		45
1102		54
1103		44
1104		35
1105		58
1106		57
1107		59
1108		61
1109		24
1110		44
1111		61
1112		25
1113		44
1114		52
1115		79
1116		50
1117		51
1118		51
1119		50
1120		55
1121		52
1122		51
1123		46
1124		42
1125		78
1126		63
1127		59
1128		57
1129		44
1130		57
1131		71
1132		49
1133		57
1134		54
1135		51
1136		52
1137		63
1138		56
1139		48
1140		67
1141		48
1142		44
1143		41
1144		57
1145		47
1146		51
1147		55
1148		36
1149		38
1150		63
1151		63
1152		41
1153		44
1154		58
1155		46
1156		54
1157		45
1158		59
1159		41
1160		56
1161		59
1162		50
1163		52
1164		53
1165		45
1166		53
1167		59
1168		55
1169		48
1170		50
1171		51
1172		46
1173		61
1174		56
1175		61
1176		53
1177		50
1178		46
1179		56
1180		60
1181		49
1182		57
1183		33
1184		53
1185		51
1186		38
1187		34
1188		51
1189		48
1190		46
1191		54
1192		67
1193		53
1194		51
1195		52
1196		66
1197		48
1198		52
1199		40
1200		55
1201		52
1202		49
1203		53
1204		55
1205		46
1206		52
1207		75
1208		51
1209		50
1210		45
1211		57
1212		49
1213		46
1214		63
1215		48
1216		55
1217		52
1218		55
1219		45
1220		49
1221		44
1222		58
1223		59
1224		53
1225		66
1226		47
1227		46
1228		59
1229		57
1230		55
1231		61
1232		28
1233		41
1234		62
1235		69
1236		26
1237		57
1238		48
1239		65
1240		57
1241		52
1242		36
1243		54
1244		29
1245		60
1246		48
1247		62
1248		53
1249		56
1250		51
1251		48
1252		52
1253		60
1254		69
1255		62
1256		53
1257		56
1258		32
1259		43
1260		46
1261		59
1262		43
1263		57
1264		58
1265		59
1266		34
1267		54
1268		49
1269		53
1270		30
1271		42
1272		38
1273		60
1274		52
1275		44
1276		52
1277		89
1278		41
1279		48
1280		52
1281		70
1282		68
1283		43
1284		50
1285		49
1286		72
1287		56
1288		45
1289		36
1290		45
1291		40
1292		47
1293		48
1294		48
1295		58
1296		54
1297		72
1298		17
1299		37
1300		59
1301		50
1302		63
1303		51
1304		52
1305		74
1306		59
1307		36
1308		45
1309		52
1310		50
1311		55
1312		59
1313		36
1314		46
1315		52
1316		44
1317		54
1318		51
1319		62
1320		58
1321		48
1322		50
1323		50
1324		50
1325		57
1326		32
1327		54
1328		66
1329		44
1330		46
1331		52
1332		43
1333		51
1334		52
1335		56
1336		50
1337		59
1338		38
1339		44
1340		60
1341		58
1342		54
1343		56
1344		42
1345		35
1346		65
1347		60
1348		44
1349		43
1350		67
1351		54
1352		56
1353		58
1354		57
1355		59
1356		52
1357		44
1358		52
1359		59
1360		57
1361		48
1362		64
1363		71
1364		65
1365		56
1366		40
1367		55
1368		51
1369		56
1370		57
1371		71
1372		62
1373		46
1374		52
1375		57
1376		49
1377		39
1378		62
1379		59
1380		51
1381		47
1382		57
1383		54
1384		70
1385		73
1386		43
1387		75
1388		66
1389		61
1390		66
1391		60
1392		50
1393		39
1394		40
1395		62
1396		53
1397		58
1398		50
1399		57
1400		59
1401		50
1402		45
1403		54
1404		58
1405		45
1406		55
1407		45
1408		42
1409		45
1410		57
1411		54
1412		40
1413		58
1414		49
1415		52
1416		44
1417		47
1418		32
1419		51
1420		53
1421		65
1422		50
1423		35
1424		56
1425		45
1426		47
1427		35
1428		50
1429		72
1430		50
1431		61
1432		54
1433		60
1434		52
1435		62
1436		48
1437		62
1438		52
1439		50
1440		73
1441		51
1442		36
1443		55
1444		34
1445		59
1446		42
1447		39
1448		49
1449		52
1450		51
1451		52
1452		47
1453		49
1454		58
1455		47
1456		55
1457		58
1458		66
1459		73
1460		47
1461		49
1462		51
1463		35
1464		59
1465		53
1466		48
1467		55
1468		50
1469		55
1470		53
1471		44
1472		40
1473		48
1474		56
1475		47
1476		56
1477		36
1478		55
1479		37
1480		52
1481		33
1482		62
1483		55
1484		50
1485		48
1486		49
1487		60
1488		55
1489		61
1490		52
1491		56
1492		49
1493		43
1494		52
1495		60
1496		54
1497		48
1498		47
1499		46
1500		42
1501		53
1502		54
1503		46
1504		59
1505		48
1506		43
1507		49
1508		54
1509		70
1510		58
1511		19
1512		33
1513		54
1514		57
1515		47
1516		54
1517		49
1518		57
1519		43
1520		45
1521		34
1522		39
1523		50
1524		57
1525		60
1526		42
1527		45
1528		42
1529		56
1530		57
1531		54
1532		62
1533		56
1534		52
1535		54
1536		53
1537		54
1538		51
1539		35
1540		34
1541		65
1542		37
1543		53
1544		67
1545		62
1546		46
1547		51
1548		63
1549		44
1550		53
1551		45
1552		34
1553		49
1554		69
1555		61
1556		64
1557		57
1558		66
1559		45
1560		56
1561		62
1562		52
1563		40
1564		52
1565		41
1566		51
1567		46
1568		54
1569		49
1570		52
1571		56
1572		28
1573		50
1574		66
1575		61
1576		50
1577		52
1578		59
1579		59
1580		52
1581		56
1582		49
1583		42
1584		48
1585		51
1586		65
1587		58
1588		37
1589		45
1590		41
1591		58
1592		76
1593		38
1594		52
1595		58
1596		51
1597		57
1598		47
1599		33
1600		47
1601		60
1602		48
1603		67
1604		48
1605		51
1606		57
1607		57
1608		61
1609		69
1610		47
1611		58
1612		53
1613		68
1614		54
1615		42
1616		52
1617		58
1618		43
1619		57
1620		40
1621		71
1622		49
1623		57
1624		64
1625		57
1626		58
1627		50
1628		37
1629		65
1630		51
1631		42
1632		60
1633		46
1634		30
1635		58
1636		58
1637		72
1638		50
1639		61
1640		53
1641		52
1642		49
1643		59
1644		61
1645		55
1646		57
1647		59
1648		64
1649		53
1650		47
1651		46
1652		29
1653		45
1654		42
1655		54
1656		52
1657		60
1658		48
1659		43
1660		48
1661		64
1662		43
1663		49
1664		46
1665		36
1666		71
1667		63
1668		59
1669		60
1670		60
1671		48
1672		54
1673		54
1674		65
1675		60
1676		59
1677		37
1678		59
1679		54
1680		54
1681		79
1682		54
1683		69
1684		76
1685		52
1686		51
1687		68
1688		53
1689		56
1690		51
1691		70
1692		59
1693		44
1694		66
1695		73
1696		59
1697		36
1698		71
1699		65
1700		53
1701		49
1702		48
1703		51
1704		65
1705		62
1706		48
1707		60
1708		49
1709		50
1710		46
1711		39
1712		67
1713		65
1714		60
1715		59
1716		53
1717		55
1718		36
1719		51
1720		52
1721		57
1722		53
1723		50
1724		69
1725		35
1726		57
1727		52
1728		57
1729		78
1730		57
1731		64
1732		54
1733		51
1734		61
1735		38
1736		47
1737		57
1738		49
1739		52
1740		58
1741		52
1742		51
1743		57
1744		52
1745		47
1746		63
1747		56
1748		51
1749		64
1750		47
1751		48
1752		63
1753		63
1754		53
1755		63
1756		39
1757		53
1758		66
1759		51
1760		41
1761		45
1762		60
1763		57
1764		66
1765		57
1766		51
1767		26
1768		42
1769		44
1770		46
1771		62
1772		43
1773		63
1774		50
1775		53
1776		57
1777		46
1778		47
1779		51
1780		54
1781		50
1782		66
1783		49
1784		63
1785		55
1786		38
1787		74
1788		62
1789		50
1790		37
1791		57
1792		38
1793		50
1794		54
1795		53
1796		51
1797		50
1798		50
1799		55
1800		58
1801		48
1802		51
1803		70
1804		51
1805		45
1806		48
1807		52
1808		53
1809		35
1810		54
1811		51
1812		54
1813		41
1814		55
1815		57
1816		54
1817		50
1818		66
1819		96
1820		66
1821		55
1822		52
1823		60
1824		50
1825		46
1826		50
1827		54
1828		47
1829		57
1830		54
1831		72
1832		42
1833		65
1834		57
1835		81
1836		56
1837		43
1838		39
1839		49
1840		46
1841		39
1842		41
1843		57
1844		51
1845		64
1846		48
1847		44
1848		58
1849		43
1850		54
1851		61
1852		55
1853		57
1854		46
1855		47
1856		60
1857		52
1858		58
1859		48
1860		60
1861		59
1862		58
1863		42
1864		52
1865		62
1866		52
1867		63
1868		54
1869		49
1870		51
1871		41
1872		34
1873		61
1874		49
1875		43
1876		55
1877		50
1878		57
1879		74
1880		53
1881		55
1882		61
1883		70
1884		54
1885		42
1886		53
1887		60
1888		61
1889		41
1890		61
1891		51
1892		57
1893		42
1894		48
1895		54
1896		58
1897		43
1898		60
1899		63
1900		52
1901		54
1902		53
1903		58
1904		50
1905		43
1906		65
1907		47
1908		73
1909		67
1910		55
1911		56
1912		43
1913		42
1914		40
1915		52
1916		53
1917		53
1918		40
1919		62
1920		53
1921		61
1922		40
1923		52
1924		51
1925		68
1926		47
1927		53
1928		49
1929		69
1930		45
1931		51
1932		55
1933		76
1934		51
1935		47
1936		42
1937		50
1938		52
1939		55
1940		49
1941		51
1942		44
1943		60
1944		53
1945		44
1946		52
1947		63
1948		39
1949		59
1950		57
1951		63
1952		63
1953		40
1954		53
1955		49
1956		51
1957		60
1958		55
1959		47
1960		15
1961		58
1962		52
1963		46
1964		49
1965		40
1966		47
1967		63
1968		63
1969		54
1970		45
1971		50
1972		47
1973		68
1974		56
1975		38
1976		42
1977		53
1978		41
1979		52
1980		67
1981		57
1982		52
1983		44
1984		43
1985		45
1986		54
1987		51
1988		53
1989		50
1990		64
1991		50
1992		68
1993		64
1994		57
1995		51
1996		65
1997		74
1998		53
1999		54
2000		57
2001		54
2002		53
2003		59
2004		48
2005		36
2006		65
2007		43
2008		49
2009		49
2010		60
2011		54
2012		48
2013		55
2014		60
2015		55
2016		64
2017		54
2018		58
2019		54
2020		65
2021		58
2022		47
2023		52
2024		57
2025		55
2026		72
2027		51
2028		40
2029		54
2030		53
2031		43
2032		50
2033		56
2034		51
2035		63
2036		59
2037		54
2038		59
2039		55
2040		54
2041		45
2042		29
2043		47
2044		56
2045		39
2046		74
2047		42
2048		61
2049		48
2050		46
2051		42
2052		40
2053		45
2054		44
2055		67
2056		49
2057		56
2058		55
2059		51
2060		51
2061		59
2062		57
2063		64
2064		53
2065		52
2066		32
2067		51
2068		72
2069		48
2070		68
2071		42
2072		49
2073		55
2074		30
2075		50
2076		54
2077		49
2078		59
2079		48
2080		51
2081		50
2082		60
2083		65
2084		58
2085		53
2086		73
2087		41
2088		47
2089		55
2090		47
2091		59
2092		52
2093		58
2094		69
2095		54
2096		53
2097		46
2098		35
2099		50
2100		61
2101		56
2102		65
2103		61
2104		43
2105		36
2106		50
2107		56
2108		56
2109		62
2110		51
2111		51
2112		63
2113		63
2114		54
2115		58
2116		56
2117		43
2118		58
2119		47
2120		53
2121		68
2122		58
2123		58
2124		55
2125		58
2126		37
2127		43
2128		62
2129		58
2130		62
2131		49
2132		58
2133		38
2134		52
2135		52
2136		66
2137		40
2138		58
2139		41
2140		54
2141		49
2142		58
2143		58
2144		57
2145		57
2146		49
2147		43
2148		43
2149		48
2150		52
2151		54
2152		51
2153		52
2154		53
2155		61
2156		64
2157		46
2158		59
2159		20
2160		61
2161		61
2162		49
2163		55
2164		58
2165		56
2166		43
2167		60
2168		58
2169		60
2170		48
2171		41
2172		48
2173		50
2174		55
2175		46
2176		71
2177		65
2178		21
2179		40
2180		48
2181		62
2182		43
2183		38
2184		42
2185		56
2186		38
2187		34
2188		64
2189		49
2190		45
2191		48
2192		50
2193		56
2194		39
2195		55
2196		62
2197		45
2198		32
2199		44
2200		53
2201		53
2202		70
2203		51
2204		78
2205		48
2206		58
2207		46
2208		49
2209		53
2210		40
2211		41
2212		60
2213		54
2214		55
2215		9
2216		57
2217		52
2218		48
2219		41
2220		60
2221		50
2222		53
2223		65
2224		52
2225		54
2226		54
2227		53
2228		57
2229		49
2230		51
2231		67
2232		55
2233		61
2234		47
2235		61
2236		54
2237		53
2238		59
2239		56
2240		49
2241		40
2242		49
2243		56
2244		71
2245		50
2246		62
2247		53
2248		41
2249		65
2250		52
2251		60
2252		54
2253		55
2254		42
2255		42
2256		39
2257		33
2258		62
2259		49
2260		46
2261		46
2262		49
2263		53
2264		51
2265		52
2266		41
2267		60
2268		56
2269		69
2270		47
2271		54
2272		46
2273		62
2274		51
2275		60
2276		43
2277		50
2278		49
2279		59
2280		44
2281		60
2282		44
2283		53
2284		34
2285		41
2286		39
2287		53
2288		53
2289		35
2290		60
2291		56
2292		55
2293		55
2294		69
2295		63
2296		74
2297		42
2298		53
2299		50
2300		68
2301		58
2302		48
2303		50
2304		49
2305		58
2306		59
2307		54
2308		57
2309		44
2310		46
2311		52
2312		51
2313		73
2314		50
2315		52
2316		38
2317		62
2318		54
2319		50
2320		35
2321		33
2322		43
2323		34
2324		44
2325		52
2326		44
2327		62
2328		60
2329		47
2330		45
2331		65
2332		58
2333		44
2334		68
2335		43
2336		40
2337		47
2338		48
2339		46
2340		32
2341		43
2342		58
2343		46
2344		82
2345		56
2346		56
2347		42
2348		64
2349		50
2350		45
2351		39
2352		44
2353		46
2354		42
2355		56
2356		50
2357		47
2358		53
2359		66
2360		45
2361		51
2362		57
2363		47
2364		41
2365		43
2366		47
2367		49
2368		50
2369		53
2370		49
2371		53
2372		46
2373		51
2374		33
2375		54
2376		43
2377		53
2378		40
2379		55
2380		70
2381		57
2382		43
2383		51
2384		66
2385		51
2386		42
2387		55
2388		49
2389		68
2390		45
2391		50
2392		54
2393		54
2394		48
2395		52
2396		60
2397		62
2398		58
2399		54
2400		49
2401		70
2402		45
2403		54
2404		48
2405		74
2406		56
2407		51
2408		51
2409		56
2410		53
2411		42
2412		42
2413		61
2414		54
2415		43
2416		59
2417		62
2418		57
2419		32
2420		60
2421		62
2422		56
2423		51
2424		52
2425		57
2426		40
2427		54
2428		43
2429		40
2430		52
2431		57
2432		52
2433		61
2434		55
2435		43
2436		63
2437		43
2438		50
2439		42
2440		47
2441		49
2442		63
2443		52
2444		49
2445		68
2446		58
2447		38
2448		70
2449		57
2450		60
2451		51
2452		56
2453		45
2454		53
2455		53
2456		62
2457		43
2458		47
2459		62
2460		51
2461		63
2462		42
2463		56
2464		49
2465		42
2466		66
2467		49
2468		64
2469		49
2470		52
2471		48
2472		56
2473		53
2474		59
2475		61
2476		57
2477		57
2478		56
2479		41
2480		42
2481		53
2482		51
2483		58
2484		52
2485		56
2486		64
2487		38
2488		57
2489		57
2490		64
2491		48
2492		25
2493		45
2494		73
2495		46
2496		40
2497		42
2498		14
2499		73
2500		37
2501		53
2502		46
2503		64
2504		52
2505		55
2506		38
2507		50
2508		46
2509		39
2510		34
2511		62
2512		54
2513		38
2514		33
2515		40
2516		77
2517		54
2518		46
2519		71
2520		58
2521		50
2522		60
2523		41
2524		52
2525		47
2526		15
2527		62
2528		38
2529		60
2530		46
2531		56
2532		64
2533		56
2534		56
2535		50
2536		57
2537		59
2538		57
2539		46
2540		47
2541		58
2542		65
2543		71
2544		46
2545		70
2546		54
2547		59
2548		48
2549		23
2550		40
2551		61
2552		47
2553		54
2554		62
2555		45
2556		50
2557		52
2558		48
2559		56
2560		48
2561		53
2562		54
2563		55
2564		50
2565		58
2566		58
2567		60
2568		42
2569		44
2570		47
2571		55
2572		45
2573		26
2574		50
2575		41
2576		53
2577		43
2578		60
2579		49
2580		36
2581		35
2582		50
2583		64
2584		55
2585		52
2586		61
2587		46
2588		49
2589		45
2590		45
2591		62
2592		43
2593		51
2594		31
2595		53
2596		53
2597		58
2598		42
2599		48
2600		45
2601		61
2602		57
2603		48
2604		46
2605		54
2606		43
2607		45
2608		54
2609		39
2610		39
2611		50
2612		45
2613		57
2614		58
2615		55
2616		85
2617		58
2618		42
2619		58
2620		54
2621		31
2622		51
2623		62
2624		53
2625		48
2626		47
2627		43
2628		44
2629		55
2630		48
2631		49
2632		47
2633		55
2634		44
2635		57
2636		58
2637		36
2638		52
2639		55
2640		44
2641		53
2642		52
2643		47
2644		57
2645		42
2646		68
2647		40
2648		45
2649		74
2650		60
2651		55
2652		39
2653		55
2654		41
2655		74
2656		50
2657		73
2658		52
2659		46
2660		71
2661		50
2662		47
2663		50
2664		51
2665		58
2666		41
2667		52
2668		53
2669		54
2670		57
2671		61
2672		45
2673		47
2674		48
2675		42
2676		48
2677		48
2678		66
2679		56
2680		54
2681		50
2682		39
2683		56
2684		60
2685		51
2686		55
2687		37
2688		60
2689		38
2690		58
2691		57
2692		54
2693		63
2694		45
2695		51
2696		52
2697		64
2698		51
2699		38
2700		53
2701		42
2702		49
2703		79
2704		60
2705		44
2706		52
2707		64
2708		49
2709		75
2710		69
2711		53
2712		42
2713		50
2714		64
2715		51
2716		55
2717		54
2718		48
2719		57
2720		63
2721		70
2722		58
2723		64
2724		56
2725		44
2726		51
2727		51
2728		48
2729		60
2730		65
2731		63
2732		54
2733		57
2734		55
2735		52
2736		40
2737		45
2738		47
2739		43
2740		62
2741		64
2742		58
2743		56
2744		54
2745		68
2746		57
2747		62
2748		53
2749		56
2750		62
2751		56
2752		84
2753		42
2754		38
2755		56
2756		50
2757		50
2758		56
2759		43
2760		44
2761		65
2762		54
2763		62
2764		72
2765		56
2766		43
2767		49
2768		52
2769		61
2770		57
2771		55
2772		50
2773		43
2774		55
2775		38
2776		51
2777		45
2778		55
2779		64
2780		54
2781		46
2782		57
2783		52
2784		56
2785		48
2786		52
2787		57
2788		44
2789		52
2790		68
2791		49
2792		49
2793		49
2794		66
2795		56
2796		55
2797		47
2798		59
2799		50
2800		60
2801		69
2802		58
2803		50
2804		49
2805		59
2806		32
2807		65
2808		60
2809		36
2810		65
2811		49
2812		48
2813		58
2814		53
2815		46
2816		57
2817		41
2818		39
2819		67
2820		51
2821		47
2822		60
2823		56
2824		68
2825		57
2826		43
2827		30
2828		44
2829		65
2830		49
2831		61
2832		52
2833		63
2834		47
2835		72
2836		51
2837		49
2838		39
2839		46
2840		55
2841		55
2842		44
2843		62
2844		29
2845		60
2846		36
2847		48
2848		60
2849		52
2850		49
2851		63
2852		50
2853		60
2854		52
2855		55
2856		54
2857		44
2858		54
2859		71
2860		59
2861		65
2862		44
2863		52
2864		49
2865		48
2866		52
2867		59
2868		45
2869		54
2870		48
2871		46
2872		56
2873		60
2874		63
2875		52
2876		47
2877		55
2878		49
2879		35
2880		62
2881		62
2882		56
2883		53
2884		47
2885		47
2886		46
2887		53
2888		64
2889		33
2890		52
2891		54
2892		57
2893		20
2894		65
2895		46
2896		43
2897		65
2898		49
2899		53
2900		48
2901		40
2902		51
2903		53
2904		54
2905		50
2906		52
2907		59
2908		51
2909		54
2910		49
2911		56
2912		58
2913		73
2914		43
2915		54
2916		54
2917		58
2918		49
2919		54
2920		56
2921		53
2922		36
2923		45
2924		61
2925		56
2926		61
2927		50
2928		60
2929		46
2930		51
2931		50
2932		67
2933		40
2934		49
2935		54
2936		57
2937		51
2938		46
2939		51
2940		41
2941		70
2942		59
2943		62
2944		52
2945		51
2946		69
2947		52
2948		47
2949		38
2950		49
2951		37
2952		46
2953		51
2954		44
2955		52
2956		50
2957		47
2958		52
2959		57
2960		52
2961		51
2962		64
2963		48
2964		61
2965		66
2966		35
2967		63
2968		75
2969		59
2970		51
2971		56
2972		43
2973		56
2974		72
2975		52
2976		50
2977		68
2978		54
2979		51
2980		47
2981		50
2982		54
2983		53
2984		45
2985		57
2986		57
2987		48
2988		53
2989		43
2990		59
2991		46
2992		47
2993		49
2994		48
2995		54
2996		49
2997		61
2998		55
2999		43
3000		54
3001		58
3002		51
3003		40
3004		57
3005		29
3006		33
3007		55
3008		70
3009		58
3010		48
3011		49
3012		57
3013		63
3014		60
3015		40
3016		46
3017		52
3018		59
3019		49
3020		39
3021		73
3022		62
3023		55
3024		44
3025		30
3026		45
3027		67
3028		55
3029		36
3030		68
3031		59
3032		57
3033		50
3034		48
3035		49
3036		55
3037		66
3038		45
3039		39
3040		43
3041		63
3042		59
3043		47
3044		58
3045		57
3046		53
3047		57
3048		62
3049		43
3050		53
3051		39
3052		45
3053		55
3054		57
3055		64
3056		64
3057		62
3058		56
3059		54
3060		43
3061		54
3062		47
3063		54
3064		48
3065		45
3066		51
3067		60
3068		62
3069		44
3070		46
3071		51
3072		70
3073		35
3074		34
3075		39
3076		38
3077		28
3078		67
3079		51
3080		52
3081		49
3082		62
3083		52
3084		78
3085		53
3086		47
3087		48
3088		34
3089		45
3090		74
3091		43
3092		51
3093		61
3094		67
3095		55
3096		53
3097		57
3098		59
3099		44
3100		47
3101		44
3102		56
3103		68
3104		51
3105		58
3106		53
3107		58
3108		42
3109		56
3110		54
3111		65
3112		51
3113		48
3114		54
3115		49
3116		57
3117		21
3118		52
3119		46
3120		46
3121		55
3122		48
3123		48
3124		46
3125		52
3126		55
3127		71
3128		53
3129		30
3130		50
3131		59
3132		53
3133		48
3134		58
3135		48
3136		56
3137		32
3138		65
3139		59
3140		63
3141		52
3142		51
3143		67
3144		52
3145		49
3146		49
3147		58
3148		52
3149		54
3150		60
3151		53
3152		64
3153		58
3154		52
3155		55
3156		52
3157		52
3158		52
3159		66
3160		44
3161		66
3162		32
3163		59
3164		66
3165		40
3166		50
3167		41
3168		56
3169		26
3170		62
3171		55
3172		50
3173		51
3174		55
3175		59
3176		42
3177		42
3178		42
3179		38
3180		54
3181		54
3182		48
3183		53
3184		43
3185		43
3186		53
3187		25
3188		67
3189		68
3190		69
3191		42
3192		64
3193		42
3194		46
3195		55
3196		48
3197		58
3198		53
3199		67
3200		70
3201		50
3202		48
3203		67
3204		52
3205		52
3206		50
3207		60
3208		54
3209		57
3210		49
3211		62
3212		55
3213		46
3214		46
3215		47
3216		47
3217		61
3218		32
3219		50
3220		47
3221		52
3222		41
3223		57
3224		47
3225		55
3226		65
3227		56
3228		39
3229		57
3230		48
3231		57
3232		54
3233		60
3234		50
3235		58
3236		48
3237		67
3238		58
3239		50
3240		51
3241		36
3242		49
3243		52
3244		47
3245		61
3246		54
3247		51
3248		59
3249		53
3250		57
3251		54
3252		62
3253		69
3254		40
3255		57
3256		49
3257		38
3258		55
3259		51
3260		54
3261		33
3262		55
3263		44
3264		58
3265		55
3266		50
3267		49
3268		56
3269		60
3270		62
3271		66
3272		52
3273		56
3274		55
3275		46
3276		65
3277		59
3278		48
3279		58
3280		49
3281		44
3282		48
3283		51
3284		55
3285		49
3286		40
3287		46
3288		32
3289		49
3290		47
3291		57
3292		45
3293		51
3294		53
3295		48
3296		42
3297		50
3298		50
3299		51
3300		60
3301		43
3302		67
3303		54
3304		48
3305		59
3306		36
3307		51
3308		65
3309		59
3310		48
3311		46
3312		56
3313		48
3314		45
3315		55
3316		56
3317		51
3318		54
3319		64
3320		66
3321		55
3322		49
3323		52
3324		45
3325		55
3326		51
3327		45
3328		43
3329		51
3330		55
3331		53
3332		47
3333		55
3334		46
3335		51
3336		45
3337		43
3338		63
3339		53
3340		70
3341		61
3342		53
3343		48
3344		50
3345		56
3346		48
3347		55
3348		51
3349		32
3350		58
3351		45
3352		40
3353		38
3354		51
3355		66
3356		45
3357		60
3358		59
3359		47
3360		86
3361		50
3362		58
3363		50
3364		52
3365		69
3366		52
3367		57
3368		58
3369		44
3370		49
3371		65
3372		58
3373		51
3374		50
3375		59
3376		49
3377		53
3378		45
3379		47
3380		55
3381		52
3382		44
3383		70
3384		59
3385		50
3386		33
3387		50
3388		49
3389		34
3390		41
3391		39
3392		65
3393		36
3394		42
3395		65
3396		32
3397		57
3398		49
3399		55
3400		61
3401		48
3402		60
3403		51
3404		44
3405		59
3406		56
3407		56
3408		50
3409		55
3410		56
3411		61
3412		50
3413		59
3414		46
3415		58
3416		63
3417		47
3418		65
3419		64
3420		53
3421		51
3422		57
3423		52
3424		32
3425		60
3426		51
3427		50
3428		51
3429		64
3430		57
3431		53
3432		53
3433		53
3434		52
3435		51
3436		53
3437		53
3438		53
3439		57
3440		53
3441		55
3442		41
3443		57
3444		55
3445		52
3446		52
3447		62
3448		47
3449		50
3450		74
3451		40
3452		56
3453		49
3454		54
3455		32
3456		55
3457		48
3458		52
3459		53
3460		53
3461		71
3462		55
3463		46
3464		60
3465		60
3466		47
3467		43
3468		50
3469		53
3470		57
3471		47
3472		47
3473		34
3474		53
3475		48
3476		43
3477		52
3478		67
3479		41
3480		57
3481		51
3482		54
3483		51
3484		73
3485		38
3486		49
3487		59
3488		47
3489		34
3490		57
3491		48
3492		68
3493		57
3494		41
3495		54
3496		60
3497		52
3498		45
3499		45
3500		53
3501		48
3502		45
3503		70
3504		56
3505		22
3506		65
3507		47
3508		41
3509		59
3510		51
3511		59
3512		39
3513		46
3514		61
3515		54
3516		77
3517		46
3518		65
3519		73
3520		48
3521		37
3522		51
3523		35
3524		58
3525		53
3526		42
3527		27
3528		31
3529		53
3530		49
3531		62
3532		50
3533		56
3534		23
3535		47
3536		30
3537		52
3538		56
3539		33
3540		46
3541		45
3542		52
3543		39
3544		44
3545		53
3546		51
3547		44
3548		49
3549		55
3550		62
3551		42
3552		54
3553		38
3554		59
3555		47
3556		39
3557		56
3558		64
3559		49
3560		67
3561		59
3562		46
3563		46
3564		47
3565		53
3566		43
3567		47
3568		49
3569		46
3570		56
3571		54
3572		61
3573		59
3574		52
3575		48
3576		45
3577		41
3578		53
3579		59
3580		50
3581		47
3582		51
3583		56
3584		58
3585		45
3586		55
3587		56
3588		58
3589		59
3590		52
3591		61
3592		59
3593		51
3594		54
3595		52
3596		52
3597		45
3598		55
3599		54
3600		68
3601		58
3602		41
3603		40
3604		35
3605		56
3606		54
3607		35
3608		56
3609		35
3610		58
3611		45
3612		59
3613		41
3614		43
3615		70
3616		60
3617		62
3618		52
3619		61
3620		53
3621		46
3622		60
3623		55
3624		40
3625		46
3626		56
3627		50
3628		57
3629		50
3630		61
3631		53
3632		56
3633		45
3634		56
3635		72
3636		55
3637		51
3638		50
3639		32
3640		54
3641		43
3642		46
3643		50
3644		57
3645		51
3646		54
3647		68
3648		51
3649		60
3650		54
3651		62
3652		40
3653		45
3654		36
3655		55
3656		72
3657		52
3658		65
3659		46
3660		52
3661		54
3662		39
3663		50
3664		58
3665		45
3666		67
3667		54
3668		55
3669		49
3670		60
3671		61
3672		67
3673		40
3674		61
3675		45
3676		53
3677		44
3678		54
3679		61
3680		40
3681		45
3682		49
3683		47
3684		72
3685		56
3686		60
3687		64
3688		53
3689		50
3690		69
3691		67
3692		48
3693		50
3694		37
3695		55
3696		28
3697		32
3698		58
3699		48
3700		38
3701		39
3702		38
3703		43
3704		39
3705		37
3706		54
3707		60
3708		41
3709		39
3710		64
3711		58
3712		46
3713		44
3714		57
3715		43
3716		61
3717		50
3718		55
3719		63
3720		50
3721		53
3722		54
3723		23
3724		77
3725		65
3726		49
3727		37
3728		51
3729		57
3730		51
3731		64
3732		41
3733		48
3734		67
3735		40
3736		41
3737		64
3738		76
3739		56
3740		58
3741		48
3742		67
3743		66
3744		56
3745		43
3746		53
3747		52
3748		53
3749		62
3750		53
3751		52
3752		55
3753		42
3754		46
3755		52
3756		52
3757		44
3758		54
3759		57
3760		30
3761		46
3762		52
3763		56
3764		55
3765		56
3766		55
3767		53
3768		43
3769		52
3770		46
3771		57
3772		80
3773		51
3774		49
3775		60
3776		59
3777		56
3778		58
3779		47
3780		61
3781		55
3782		42
3783		48
3784		66
3785		54
3786		56
3787		49
3788		47
3789		49
3790		59
3791		53
3792		50
3793		46
3794		61
3795		41
3796		42
3797		73
3798		39
3799		43
3800		41
3801		43
3802		54
3803		51
3804		41
3805		50
3806		60
3807		37
3808		65
3809		66
3810		45
3811		59
3812		22
3813		54
3814		51
3815		31
3816		64
3817		47
3818		39
3819		58
3820		48
3821		54
3822		50
3823		54
3824		57
3825		42
3826		50
3827		51
3828		49
3829		56
3830		60
3831		49
3832		47
3833		53
3834		57
3835		49
3836		49
3837		58
3838		64
3839		46
3840		51
3841		71
3842		60
3843		55
3844		54
3845		57
3846		60
3847		48
3848		71
3849		64
3850		46
3851		49
3852		48
3853		46
3854		51
3855		46
3856		46
3857		48
3858		45
3859		67
3860		59
3861		53
3862		45
3863		57
3864		44
3865		65
3866		55
3867		55
3868		38
3869		47
3870		39
3871		55
3872		69
3873		56
3874		64
3875		44
3876		42
3877		57
3878		45
3879		51
3880		52
3881		37
3882		61
3883		46
3884		47
3885		46
3886		57
3887		73
3888		56
3889		49
3890		56
3891		61
3892		76
3893		47
3894		44
3895		43
3896		55
3897		60
3898		63
3899		50
3900		45
3901		47
3902		56
3903		53
3904		59
3905		42
3906		49
3907		49
3908		47
3909		54
3910		43
3911		54
3912		51
3913		40
3914		54
3915		51
3916		61
3917		69
3918		50
3919		47
3920		54
3921		42
3922		59
3923		55
3924		58
3925		53
3926		43
3927		58
3928		43
3929		49
3930		41
3931		42
3932		31
3933		49
3934		64
3935		56
3936		58
3937		47
3938		62
3939		40
3940		47
3941		54
3942		46
3943		55
3944		57
3945		49
3946		47
3947		51
3948		54
3949		61
3950		42
3951		62
3952		50
3953		44
3954		62
3955		53
3956		60
3957		50
3958		56
3959		52
3960		57
3961		43
3962		51
3963		38
3964		47
3965		49
3966		41
3967		56
3968		64
3969		42
3970		60
3971		62
3972		57
3973		65
3974		67
3975		52
3976		66
3977		29
3978		50
3979		56
3980		45
3981		48
3982		63
3983		42
3984		56
3985		40
3986		53
3987		64
3988		47
3989		71
3990		51
3991		49
3992		54
3993		43
3994		36
3995		56
3996		68
3997		62
3998		68
3999		44
4000		62
4001		47
4002		68
4003		67
4004		51
4005		43
4006		59
4007		58
4008		52
4009		45
4010		55
4011		45
4012		43
4013		65
4014		54
4015		30
4016		52
4017		54
4018		52
4019		53
4020		48
4021		44
4022		68
4023		57
4024		60
4025		53
4026		64
4027		76
4028		57
4029		52
4030		53
4031		63
4032		53
4033		46
4034		41
4035		58
4036		50
4037		46
4038		49
4039		45
4040		68
4041		59
4042		56
4043		55
4044		62
4045		54
4046		59
4047		57
4048		56
4049		49
4050		41
4051		47
4052		57
4053		54
4054		61
4055		55
4056		49
4057		49
4058		47
4059		55
4060		50
4061		48
4062		49
4063		40
4064		48
4065		55
4066		51
4067		65
4068		58
4069		60
4070		56
4071		26
4072		59
4073		62
4074		58
4075		46
4076		68
4077		58
4078		35
4079		53
4080		53
4081		60
4082		59
4083		50
4084		51
4085		49
4086		58
4087		52
4088		54
4089		47
4090		50
4091		52
4092		33
4093		66
4094		56
4095		46
4096		39
4097		47
4098		59
4099		54
4100		49
4101		55
4102		50
4103		49
4104		35
4105		45
4106		53
4107		66
4108		46
4109		58
4110		45
4111		53
4112		65
4113		63
4114		48
4115		55
4116		37
4117		59
4118		47
4119		63
4120		51
4121		46
4122		58
4123		56
4124		56
4125		51
4126		52
4127		46
4128		41
4129		44
4130		48
4131		62
4132		65
4133		68
4134		48
4135		78
4136		46
4137		56
4138		50
4139		53
4140		43
4141		55
4142		44
4143		54
4144		53
4145		41
4146		57
4147		64
4148		56
4149		59
4150		56
4151		46
4152		50
4153		48
4154		44
4155		49
4156		41
4157		55
4158		63
4159		40
4160		49
4161		45
4162		39
4163		52
4164		61
4165		70
4166		73
4167		54
4168		57
4169		67
4170		62
4171		62
4172		45
4173		60
4174		55
4175		47
4176		51
4177		56
4178		59
4179		59
4180		55
4181		50
4182		57
4183		55
4184		65
4185		45
4186		42
4187		45
4188		58
4189		30
4190		50
4191		61
4192		56
4193		37
4194		51
4195		55
4196		37
4197		59
4198		37
4199		43
4200		48
4201		53
4202		69
4203		49
4204		62
4205		67
4206		58
4207		33
4208		36
4209		48
4210		58
4211		45
4212		63
4213		31
4214		51
4215		47
4216		60
4217		58
4218		43
4219		57
4220		65
4221		65
4222		56
4223		47
4224		55
4225		52
4226		29
4227		75
4228		51
4229		46
4230		65
4231		61
4232		60
4233		57
4234		50
4235		39
4236		62
4237		83
4238		51
4239		65
4240		61
4241		55
4242		47
4243		58
4244		50
4245		41
4246		60
4247		33
4248		52
4249		50
4250		52
4251		60
4252		55
4253		50
4254		50
4255		63
4256		53
4257		40
4258		57
4259		58
4260		53
4261		40
4262		56
4263		48
4264		57
4265		57
4266		47
4267		63
4268		48
4269		49
4270		50
4271		34
4272		54
4273		49
4274		47
4275		56
4276		62
4277		60
4278		52
4279		66
4280		55
4281		45
4282		45
4283		42
4284		60
4285		52
4286		56
4287		55
4288		49
4289		47
4290		42
4291		48
4292		50
4293		31
4294		43
4295		56
4296		44
4297		51
4298		30
4299		48
4300		48
4301		35
4302		46
4303		61
4304		60
4305		43
4306		40
4307		35
4308		62
4309		51
4310		62
4311		42
4312		63
4313		57
4314		77
4315		57
4316		35
4317		58
4318		57
4319		55
4320		58
4321		60
4322		64
4323		65
4324		65
4325		54
4326		49
4327		46
4328		58
4329		57
4330		52
4331		52
4332		43
4333		46
4334		63
4335		80
4336		57
4337		51
4338		39
4339		46
4340		42
4341		55
4342		61
4343		72
4344		47
4345		51
4346		55
4347		58
4348		56
4349		46
4350		46
4351		50
4352		54
4353		62
4354		51
4355		50
4356		62
4357		47
4358		62
4359		63
4360		54
4361		57
4362		55
4363		57
4364		54
4365		60
4366		71
4367		57
4368		55
4369		66
4370		58
4371		46
4372		62
4373		55
4374		55
4375		44
4376		46
4377		56
4378		33
4379		71
4380		45
4381		59
4382		50
4383		57
4384		44
4385		36
4386		61
4387		50
4388		51
4389		50
4390		51
4391		54
4392		79
4393		48
4394		51
4395		51
4396		30
4397		44
4398		51
4399		54
4400		60
4401		49
4402		52
4403		30
4404		48
4405		27
4406		49
4407		35
4408		57
4409		55
4410		52
4411		42
4412		35
4413		30
4414		55
4415		51
4416		57
4417		48
4418		60
4419		50
4420		51
4421		60
4422		42
4423		49
4424		37
4425		54
4426		53
4427		43
4428		42
4429		43
4430		55
4431		61
4432		39
4433		60
4434		55
4435		52
4436		55
4437		55
4438		54
4439		59
4440		49
4441		51
4442		40
4443		46
4444		57
4445		56
4446		50
4447		51
4448		55
4449		58
4450		48
4451		58
4452		50
4453		63
4454		66
4455		56
4456		50
4457		54
4458		26
4459		50
4460		51
4461		54
4462		47
4463		67
4464		52
4465		60
4466		56
4467		61
4468		51
4469		61
4470		69
4471		62
4472		46
4473		58
4474		56
4475		56
4476		46
4477		72
4478		52
4479		78
4480		47
4481		44
4482		51
4483		54
4484		43
4485		63
4486		56
4487		73
4488		53
4489		52
4490		46
4491		45
4492		63
4493		51
4494		55
4495		54
4496		46
4497		53
4498		49
4499		47
4500		56
4501		53
4502		46
4503		53
4504		59
4505		39
4506		65
4507		51
4508		43
4509		57
4510		56
4511		56
4512		69
4513		51
4514		63
4515		59
4516		38
4517		50
4518		38
4519		63
4520		36
4521		41
4522		61
4523		41
4524		56
4525		70
4526		47
4527		65
4528		49
4529		55
4530		41
4531		52
4532		60
4533		50
4534		54
4535		50
4536		73
4537		59
4538		49
4539		47
4540		61
4541		42
4542		55
4543		52
4544		49
4545		51
4546		52
4547		43
4548		45
4549		60
4550		65
4551		53
4552		51
4553		56
4554		49
4555		41
4556		63
4557		63
4558		56
4559		65
4560		47
4561		58
4562		46
4563		44
4564		48
4565		49
4566		39
4567		46
4568		52
4569		47
4570		64
4571		47
4572		52
4573		66
4574		58
4575		59
4576		49
4577		58
4578		54
4579		58
4580		54
4581		62
4582		46
4583		47
4584		48
4585		64
4586		42
4587		42
4588		56
4589		55
4590		44
4591		55
4592		46
4593		47
4594		60
4595		48
4596		56
4597		64
4598		57
4599		41
4600		56
4601		57
4602		41
4603		52
4604		44
4605		49
4606		54
4607		64
4608		57
4609		48
4610		57
4611		23
4612		51
4613		41
4614		73
4615		51
4616		77
4617		55
4618		55
4619		62
4620		53
4621		38
4622		52
4623		47
4624		53
4625		48
4626		36
4627		67
4628		52
4629		55
4630		56
4631		53
4632		54
4633		54
4634		64
4635		56
4636		56
4637		67
4638		49
4639		51
4640		50
4641		51
4642		79
4643		62
4644		60
4645		58
4646		60
4647		47
4648		54
4649		41
4650		64
4651		40
4652		46
4653		50
4654		57
4655		46
4656		37
4657		44
4658		53
4659		58
4660		59
4661		33
4662		62
4663		48
4664		44
4665		64
4666		62
4667		64
4668		50
4669		54
4670		52
4671		45
4672		49
4673		52
4674		47
4675		56
4676		50
4677		41
4678		61
4679		71
4680		47
4681		44
4682		62
4683		52
4684		46
4685		40
4686		74
4687		50
4688		38
4689		50
4690		58
4691		44
4692		49
4693		60
4694		53
4695		51
4696		50
4697		47
4698		54
4699		70
4700		41
4701		50
4702		26
4703		57
4704		45
4705		66
4706		74
4707		55
4708		36
4709		53
4710		42
4711		56
4712		38
4713		57
4714		46
4715		62
4716		57
4717		31
4718		56
4719		60
4720		61
4721		61
4722		60
4723		49
4724		61
4725		62
4726		47
4727		47
4728		39
4729		41
4730		49
4731		57
4732		52
4733		63
4734		59
4735		56
4736		47
4737		44
4738		42
4739		51
4740		57
4741		62
4742		57
4743		23
4744		56
4745		52
4746		49
4747		65
4748		63
4749		58
4750		50
4751		64
4752		53
4753		71
4754		48
4755		56
4756		49
4757		50
4758		57
4759		56
4760		53
4761		51
4762		57
4763		57
4764		49
4765		48
4766		57
4767		45
4768		66
4769		44
4770		45
4771		52
4772		41
4773		37
4774		50
4775		46
4776		60
4777		36
4778		53
4779		48
4780		45
4781		58
4782		55
4783		45
4784		54
4785		57
4786		62
4787		36
4788		75
4789		42
4790		34
4791		39
4792		43
4793		57
4794		28
4795		58
4796		52
4797		26
4798		50
4799		38
4800		51
4801		24
4802		69
4803		59
4804		43
4805		44
4806		43
4807		42
4808		54
4809		37
4810		51
4811		56
4812		38
4813		43
4814		45
4815		58
4816		32
4817		69
4818		53
4819		56
4820		36
4821		52
4822		45
4823		53
4824		54
4825		45
4826		68
4827		42
4828		68
4829		52
4830		71
4831		52
4832		47
4833		41
4834		45
4835		50
4836		57
4837		40
4838		61
4839		52
4840		52
4841		50
4842		58
4843		67
4844		63
4845		44
4846		53
4847		49
4848		55
4849		53
4850		49
4851		66
4852		76
4853		53
4854		66
4855		57
4856		46
4857		54
4858		40
4859		26
4860		51
4861		54
4862		42
4863		55
4864		40
4865		55
4866		51
4867		53
4868		32
4869		50
4870		48
4871		53
4872		57
4873		51
4874		77
4875		59
4876		55
4877		50
4878		58
4879		51
4880		67
4881		60
4882		77
4883		51
4884		56
4885		67
4886		50
4887		47
4888		54
4889		54
4890		61
4891		59
4892		72
4893		53
4894		58
4895		62
4896		43
4897		40
4898		39
4899		55
4900		34
4901		36
4902		31
4903		47
4904		60
4905		66
4906		52
4907		51
4908		50
4909		43
4910		48
4911		47
4912		53
4913		49
4914		55
4915		47
4916		51
4917		54
4918		51
4919		59
4920		49
4921		51
4922		66
4923		54
4924		47
4925		35
4926		53
4927		51
4928		59
4929		52
4930		62
4931		62
4932		38
4933		52
4934		61
4935		40
4936		46
4937		46
4938		66
4939		59
4940		45
4941		40
4942		47
4943		45
4944		34
4945		56
4946		52
4947		59
4948		54
4949		58
4950		53
4951		47
4952		74
4953		61
4954		57
4955		54
4956		35
4957		53
4958		46
4959		55
4960		56
4961		65
4962		46
4963		51
4964		53
4965		57
4966		50
4967		68
4968		59
4969		54
4970		29
4971		46
4972		61
4973		48
4974		49
4975		39
4976		53
4977		50
4978		44
4979		58
4980		65
4981		52
4982		37
4983		51
4984		49
4985		63
4986		57
4987		56
4988		43
4989		50
4990		71
4991		49
4992		61
4993		70
4994		47
4995		50
4996		61
4997		54
4998		60
4999		43
5000		39
5001		68
5002		50
5003		57
5004		62
5005		66
5006		52
5007		56
5008		52
5009		58
5010		47
5011		63
5012		51
5013		51
5014		47
5015		56
5016		48
5017		41
5018		53
5019		53
5020		47
5021		51
5022		59
5023		51
5024		52
5025		57
5026		50
5027		53
5028		46
5029		39
5030		45
5031		57
5032		50
5033		53
5034		44
5035		55
5036		42
5037		56
5038		63
5039		66
5040		66
5041		70
5042		52
5043		48
5044		48
5045		44
5046		58
5047		51
5048		44
5049		44
5050		59
5051		55
5052		47
5053		70
5054		60
5055		47
5056		46
5057		29
5058		37
5059		50
5060		47
5061		40
5062		67
5063		52
5064		46
5065		53
5066		50
5067		44
5068		51
5069		55
5070		40
5071		59
5072		67
5073		46
5074		49
5075		44
5076		63
5077		44
5078		43
5079		51
5080		66
5081		40
5082		56
5083		59
5084		43
5085		69
5086		51
5087		42
5088		54
5089		47
5090		47
5091		53
5092		40
5093		49
5094		59
5095		34
5096		49
5097		49
5098		46
5099		51
5100		79
5101		49
5102		46
5103		55
5104		65
5105		50
5106		55
5107		47
5108		31
5109		53
5110		42
5111		55
5112		51
5113		52
5114		54
5115		58
5116		56
5117		53
5118		37
5119		55
5120		51
5121		62
5122		58
5123		56
5124		54
5125		59
5126		50
5127		46
5128		61
5129		52
5130		61
5131		64
5132		56
5133		57
5134		60
5135		49
5136		56
5137		41
5138		51
5139		59
5140		31
5141		54
5142		70
5143		40
5144		67
5145		42
5146		52
5147		59
5148		65
5149		57
5150		55
5151		76
5152		51
5153		47
5154		49
5155		24
5156		59
5157		55
5158		57
5159		51
5160		48
5161		52
5162		53
5163		57
5164		47
5165		58
5166		48
5167		45
5168		37
5169		59
5170		56
5171		53
5172		54
5173		52
5174		51
5175		54
5176		52
5177		51
5178		41
5179		44
5180		45
5181		46
5182		51
5183		52
5184		55
5185		51
5186		41
5187		52
5188		38
5189		54
5190		57
5191		59
5192		65
5193		42
5194		45
5195		31
5196		55
5197		55
5198		55
5199		59
5200		49
5201		45
5202		64
5203		48
5204		62
5205		56
5206		46
5207		50
5208		56
5209		55
5210		56
5211		64
5212		50
5213		41
5214		47
5215		58
5216		58
5217		59
5218		55
5219		57
5220		60
5221		61
5222		63
5223		59
5224		49
5225		45
5226		50
5227		54
5228		44
5229		41
5230		37
5231		51
5232		59
5233		59
5234		67
5235		69
5236		41
5237		64
5238		41
5239		52
5240		50
5241		45
5242		47
5243		54
5244		56
5245		59
5246		45
5247		51
5248		49
5249		50
5250		49
5251		58
5252		53
5253		59
5254		40
5255		71
5256		55
5257		50
5258		50
5259		46
5260		58
5261		54
5262		55
5263		38
5264		44
5265		53
5266		40
5267		62
5268		53
5269		78
5270		50
5271		49
5272		72
5273		45
5274		38
5275		51
5276		60
5277		41
5278		64
5279		59
5280		58
5281		57
5282		43
5283		43
5284		43
5285		70
5286		54
5287		52
5288		42
5289		39
5290		54
5291		57
5292		52
5293		69
5294		58
5295		32
5296		48
5297		52
5298		51
5299		56
5300		46
5301		55
5302		68
5303		50
5304		49
5305		39
5306		38
5307		50
5308		58
5309		48
5310		36
5311		67
5312		56
5313		46
5314		24
5315		49
5316		49
5317		44
5318		40
5319		61
5320		56
5321		56
5322		49
5323		70
5324		46
5325		56
5326		71
5327		53
5328		48
5329		64
5330		58
5331		61
5332		51
5333		62
5334		56
5335		50
5336		65
5337		58
5338		53
5339		55
5340		58
5341		58
5342		63
5343		63
5344		55
5345		61
5346		58
5347		59
5348		56
5349		68
5350		50
5351		52
5352		59
5353		47
5354		55
5355		44
5356		65
5357		37
5358		53
5359		53
5360		50
5361		40
5362		56
5363		45
5364		56
5365		62
5366		51
5367		50
5368		44
5369		63
5370		48
5371		50
5372		46
5373		40
5374		45
5375		43
5376		44
5377		53
5378		64
5379		52
5380		62
5381		37
5382		53
5383		68
5384		43
5385		56
5386		37
5387		28
5388		48
5389		46
5390		61
5391		46
5392		57
5393		49
5394		44
5395		52
5396		53
5397		38
5398		55
5399		53
5400		56
5401		41
5402		49
5403		42
5404		47
5405		58
5406		44
5407		67
5408		74
5409		46
5410		52
5411		46
5412		42
5413		64
5414		60
5415		54
5416		56
5417		56
5418		70
5419		53
5420		58
5421		42
5422		46
5423		46
5424		50
5425		52
5426		53
5427		43
5428		48
5429		50
5430		57
5431		47
5432		62
5433		48
5434		51
5435		36
5436		70
5437		45
5438		47
5439		46
5440		54
5441		45
5442		68
5443		45
5444		49
5445		46
5446		43
5447		55
5448		51
5449		55
5450		49
5451		47
5452		50
5453		47
5454		58
5455		53
5456		60
5457		58
5458		33
5459		50
5460		52
5461		63
5462		68
5463		82
5464		53
5465		53
5466		66
5467		53
5468		45
5469		41
5470		60
5471		51
5472		42
5473		50
5474		49
5475		66
5476		55
5477		52
5478		50
5479		54
5480		56
5481		52
5482		45
5483		51
5484		50
5485		64
5486		34
5487		53
5488		55
5489		48
5490		50
5491		52
5492		45
5493		54
5494		47
5495		60
5496		85
5497		59
5498		54
5499		34
5500		63
5501		43
5502		56
5503		59
5504		30
5505		62
5506		46
5507		53
5508		40
5509		41
5510		51
5511		43
5512		50
5513		54
5514		44
5515		63
5516		58
5517		44
5518		48
5519		41
5520		46
5521		52
5522		55
5523		70
5524		53
5525		58
5526		56
5527		51
5528		63
5529		49
5530		59
5531		59
5532		68
5533		25
5534		64
5535		57
5536		55
5537		62
5538		52
5539		42
5540		54
5541		49
5542		46
5543		52
5544		59
5545		49
5546		62
5547		45
5548		48
5549		51
5550		70
5551		50
5552		69
5553		53
5554		54
5555		45
5556		60
5557		58
5558		52
5559		49
5560		86
5561		45
5562		29
5563		60
5564		63
5565		58
5566		49
5567		50
5568		77
5569		28
5570		64
5571		64
5572		47
5573		57
5574		50
5575		52
5576		54
5577		56
5578		47
5579		58
5580		55
5581		45
5582		56
5583		58
5584		56
5585		57
5586		50
5587		38
5588		47
5589		61
5590		44
5591		51
5592		56
5593		44
5594		68
5595		13
5596		55
5597		59
5598		55
5599		32
5600		70
5601		67
5602		64
5603		63
5604		38
5605		53
5606		58
5607		53
5608		63
5609		49
5610		45
5611		29
5612		44
5613		52
5614		45
5615		35
5616		53
5617		39
5618		45
5619		43
5620		50
5621		48
5622		57
5623		33
5624		58
5625		78
5626		49
5627		62
5628		53
5629		40
5630		55
5631		44
5632		42
5633		54
5634		50
5635		41
5636		44
5637		51
5638		53
5639		47
5640		50
5641		49
5642		60
5643		46
5644		45
5645		57
5646		57
5647		48
5648		50
5649		48
5650		36
5651		55
5652		45
5653		63
5654		55
5655		46
5656		43
5657		24
5658		59
5659		45
5660		47
5661		40
5662		50
5663		51
5664		50
5665		43
5666		47
5667		61
5668		49
5669		57
5670		48
5671		56
5672		78
5673		27
5674		54
5675		48
5676		45
5677		65
5678		49
5679		59
5680		45
5681		42
5682		27
5683		63
5684		46
5685		55
5686		52
5687		56
5688		57
5689		45
5690		49
5691		45
5692		44
5693		48
5694		44
5695		48
5696		46
5697		52
5698		53
5699		60
5700		57
5701		53
5702		52
5703		67
5704		47
5705		59
5706		51
5707		30
5708		51
5709		61
5710		48
5711		49
5712		57
5713		63
5714		46
5715		50
5716		64
5717		41
5718		45
5719		52
5720		56
5721		64
5722		51
5723		64
5724		60
5725		62
5726		55
5727		65
5728		52
5729		43
5730		42
5731		49
5732		58
5733		70
5734		54
5735		61
5736		59
5737		55
5738		50
5739		37
5740		51
5741		53
5742		37
5743		45
5744		57
5745		52
5746		50
5747		63
5748		57
5749		60
5750		45
5751		54
5752		60
5753		55
5754		41
5755		59
5756		50
5757		66
5758		61
5759		58
5760		52
5761		46
5762		54
5763		43
5764		55
5765		50
5766		54
5767		64
5768		47
5769		41
5770		49
5771		54
5772		46
5773		58
5774		57
5775		60
5776		62
5777		38
5778		44
5779		65
5780		67
5781		53
5782		61
5783		48
5784		43
5785		46
5786		36
5787		49
5788		57
5789		48
5790		52
5791		40
5792		64
5793		68
5794		61
5795		61
5796		43
5797		53
5798		52
5799		39
5800		47
5801		42
5802		66
5803		34
5804		71
5805		56
5806		59
5807		65
5808		47
5809		56
5810		53
5811		53
5812		64
5813		69
5814		51
5815		33
5816		46
5817		55
5818		55
5819		44
5820		47
5821		50
5822		55
5823		39
5824		60
5825		40
5826		62
5827		79
5828		43
5829		45
5830		47
5831		55
5832		43
5833		51
5834		41
5835		49
5836		39
5837		48
5838		47
5839		49
5840		50
5841		36
5842		36
5843		45
5844		60
5845		57
5846		62
5847		69
5848		63
5849		63
5850		52
5851		42
5852		50
5853		67
5854		55
5855		51
5856		65
5857		44
5858		60
5859		52
5860		33
5861		47
5862		49
5863		42
5864		52
5865		39
5866		36
5867		51
5868		43
5869		61
5870		50
5871		28
5872		52
5873		69
5874		35
5875		48
5876		54
5877		55
5878		68
5879		53
5880		54
5881		57
5882		54
5883		74
5884		42
5885		15
5886		50
5887		60
5888		64
5889		71
5890		57
5891		66
5892		53
5893		50
5894		52
5895		35
5896		67
5897		55
5898		43
5899		50
5900		42
5901		44
5902		56
5903		47
5904		51
5905		61
5906		54
5907		63
5908		40
5909		52
5910		59
5911		53
5912		43
5913		49
5914		57
5915		45
5916		57
5917		38
5918		66
5919		64
5920		59
5921		50
5922		51
5923		40
5924		38
5925		32
5926		54
5927		45
5928		48
5929		47
5930		68
5931		66
5932		53
5933		50
5934		48
5935		55
5936		43
5937		67
5938		51
5939		56
5940		55
5941		52
5942		55
5943		50
5944		58
5945		60
5946		55
5947		48
5948		60
5949		46
5950		49
5951		66
5952		54
5953		52
5954		51
5955		58
5956		55
5957		60
5958		44
5959		44
5960		56
5961		56
5962		55
5963		36
5964		59
5965		53
5966		55
5967		50
5968		63
5969		56
5970		58
5971		53
5972		60
5973		49
5974		42
5975		55
5976		50
5977		45
5978		51
5979		44
5980		62
5981		45
5982		46
5983		51
5984		41
5985		49
5986		66
5987		58
5988		60
5989		55
5990		51
5991		49
5992		46
5993		58
5994		64
5995		61
5996		48
5997		72
5998		50
5999		34
6000		62
6001		50
6002		54
6003		49
6004		52
6005		65
6006		49
6007		67
6008		50
6009		68
6010		44
6011		52
6012		55
6013		47
6014		48
6015		50
6016		61
6017		60
6018		53
6019		37
6020		56
6021		51
6022		40
6023		53
6024		40
6025		46
6026		45
6027		41
6028		54
6029		39
6030		47
6031		50
6032		61
6033		64
6034		42
6035		50
6036		57
6037		52
6038		52
6039		54
6040		42
6041		57
6042		54
6043		51
6044		60
6045		47
6046		44
6047		61
6048		54
6049		49
6050		50
6051		39
6052		40
6053		71
6054		64
6055		53
6056		54
6057		63
6058		51
6059		40
6060		62
6061		52
6062		47
6063		49
6064		59
6065		45
6066		43
6067		50
6068		55
6069		43
6070		70
6071		66
6072		75
6073		48
6074		45
6075		50
6076		50
6077		52
6078		57
6079		40
6080		50
6081		43
6082		54
6083		56
6084		49
6085		47
6086		77
6087		42
6088		53
6089		54
6090		52
6091		34
6092		58
6093		50
6094		42
6095		44
6096		43
6097		48
6098		60
6099		32
6100		56
6101		38
6102		44
6103		52
6104		60
6105		50
6106		46
6107		50
6108		45
6109		65
6110		34
6111		56
6112		36
6113		56
6114		39
6115		49
6116		47
6117		54
6118		55
6119		49
6120		78
6121		61
6122		46
6123		60
6124		41
6125		50
6126		58
6127		49
6128		34
6129		52
6130		51
6131		68
6132		46
6133		43
6134		46
6135		47
6136		53
6137		57
6138		58
6139		47
6140		46
6141		49
6142		44
6143		64
6144		54
6145		44
6146		43
6147		49
6148		58
6149		60
6150		63
6151		50
6152		47
6153		53
6154		54
6155		58
6156		33
6157		54
6158		53
6159		69
6160		59
6161		55
6162		49
6163		42
6164		55
6165		40
6166		37
6167		59
6168		45
6169		36
6170		44
6171		46
6172		51
6173		58
6174		44
6175		54
6176		44
6177		45
6178		51
6179		61
6180		52
6181		43
6182		40
6183		51
6184		67
6185		38
6186		45
6187		38
6188		41
6189		44
6190		55
6191		64
6192		49
6193		52
6194		48
6195		75
6196		57
6197		33
6198		48
6199		58
6200		52
6201		56
6202		59
6203		55
6204		49
6205		56
6206		52
6207		47
6208		54
6209		71
6210		49
6211		47
6212		55
6213		47
6214		45
6215		58
6216		69
6217		62
6218		42
6219		46
6220		50
6221		63
6222		54
6223		40
6224		61
6225		48
6226		23
6227		30
6228		50
6229		55
6230		33
6231		49
6232		54
6233		37
6234		47
6235		50
6236		58
6237		55
6238		52
6239		46
6240		42
6241		59
6242		52
6243		48
6244		45
6245		57
6246		64
6247		49
6248		43
6249		54
6250		58
6251		45
6252		48
6253		54
6254		64
6255		50
6256		48
6257		47
6258		46
6259		46
6260		32
6261		60
6262		67
6263		55
6264		48
6265		58
6266		49
6267		66
6268		61
6269		55
6270		62
6271		54
6272		37
6273		41
6274		42
6275		55
6276		52
6277		38
6278		70
6279		66
6280		49
6281		53
6282		50
6283		53
6284		61
6285		56
6286		58
6287		70
6288		61
6289		58
6290		52
6291		52
6292		53
6293		46
6294		46
6295		60
6296		62
6297		55
6298		50
6299		71
6300		39
6301		45
6302		39
6303		58
6304		53
6305		54
6306		55
6307		56
6308		44
6309		55
6310		49
6311		53
6312		51
6313		42
6314		51
6315		59
6316		48
6317		60
6318		45
6319		47
6320		50
6321		52
6322		44
6323		54
6324		49
6325		54
6326		44
6327		38
6328		58
6329		40
6330		74
6331		66
6332		54
6333		61
6334		30
6335		70
6336		57
6337		59
6338		42
6339		50
6340		40
6341		52
6342		54
6343		53
6344		72
6345		61
6346		46
6347		62
6348		45
6349		61
6350		31
6351		48
6352		57
6353		49
6354		57
6355		61
6356		54
6357		45
6358		42
6359		34
6360		42
6361		46
6362		62
6363		52
6364		36
6365		48
6366		46
6367		67
6368		58
6369		54
6370		47
6371		46
6372		51
6373		54
6374		54
6375		49
6376		52
6377		50
6378		53
6379		49
6380		52
6381		45
6382		41
6383		48
6384		53
6385		42
6386		70
6387		61
6388		52
6389		69
6390		67
6391		46
6392		62
6393		52
6394		62
6395		45
6396		51
6397		59
6398		70
6399		52
6400		54
6401		68
6402		40
6403		67
6404		22
6405		51
6406		31
6407		66
6408		51
6409		40
6410		43
6411		58
6412		70
6413		47
6414		48
6415		69
6416		53
6417		79
6418		59
6419		57
6420		54
6421		62
6422		23
6423		52
6424		45
6425		61
6426		50
6427		45
6428		46
6429		55
6430		60
6431		50
6432		52
6433		66
6434		54
6435		48
6436		37
6437		58
6438		60
6439		46
6440		48
6441		50
6442		62
6443		47
6444		51
6445		56
6446		36
6447		53
6448		56
6449		74
6450		47
6451		51
6452		68
6453		54
6454		55
6455		57
6456		44
6457		49
6458		60
6459		47
6460		54
6461		51
6462		46
6463		60
6464		48
6465		50
6466		76
6467		53
6468		51
6469		55
6470		41
6471		44
6472		63
6473		46
6474		51
6475		50
6476		39
6477		50
6478		58
6479		49
6480		55
6481		38
6482		57
6483		61
6484		49
6485		54
6486		55
6487		41
6488		55
6489		31
6490		11
6491		52
6492		46
6493		54
6494		57
6495		56
6496		50
6497		53
6498		44
6499		50
6500		47
6501		52
6502		38
6503		45
6504		54
6505		59
6506		42
6507		57
6508		48
6509		43
6510		52
6511		52
6512		55
6513		58
6514		36
6515		50
6516		54
6517		51
6518		60
6519		51
6520		56
6521		54
6522		60
6523		47
6524		56
6525		57
6526		44
6527		54
6528		41
6529		53
6530		47
6531		68
6532		53
6533		41
6534		52
6535		54
6536		50
6537		69
6538		43
6539		65
6540		55
6541		49
6542		60
6543		56
6544		49
6545		56
6546		37
6547		59
6548		52
6549		53
6550		51
6551		45
6552		48
6553		21
6554		47
6555		59
6556		60
6557		39
6558		55
6559		60
6560		46
6561		58
6562		59
6563		44
6564		41
6565		57
6566		51
6567		59
6568		76
6569		50
6570		42
6571		43
6572		38
6573		52
6574		51
6575		36
6576		60
6577		53
6578		51
6579		47
6580		57
6581		53
6582		59
6583		60
6584		52
6585		48
6586		65
6587		51
6588		56
6589		57
6590		31
6591		60
6592		48
6593		60
6594		63
6595		51
6596		71
6597		53
6598		59
6599		47
6600		64
6601		42
6602		47
6603		58
6604		62
6605		51
6606		30
6607		57
6608		58
6609		59
6610		60
6611		51
6612		54
6613		62
6614		48
6615		56
6616		50
6617		60
6618		50
6619		71
6620		60
6621		51
6622		52
6623		51
6624		44
6625		41
6626		45
6627		35
6628		61
6629		46
6630		45
6631		43
6632		44
6633		37
6634		47
6635		57
6636		46
6637		45
6638		43
6639		54
6640		64
6641		49
6642		50
6643		47
6644		58
6645		56
6646		66
6647		52
6648		61
6649		48
6650		48
6651		57
6652		55
6653		66
6654		35
6655		38
6656		55
6657		47
6658		42
6659		64
6660		54
6661		49
6662		88
6663		54
6664		72
6665		44
6666		51
6667		58
6668		57
6669		58
6670		64
6671		51
6672		41
6673		34
6674		47
6675		40
6676		46
6677		49
6678		46
6679		52
6680		47
6681		48
6682		35
6683		53
6684		54
6685		59
6686		55
6687		51
6688		52
6689		46
6690		47
6691		52
6692		49
6693		62
6694		59
6695		57
6696		53
6697		52
6698		54
6699		44
6700		48
6701		61
6702		42
6703		58
6704		34
6705		45
6706		38
6707		48
6708		54
6709		54
6710		63
6711		51
6712		51
6713		53
6714		64
6715		45
6716		54
6717		60
6718		62
6719		47
6720		52
6721		63
6722		54
6723		39
6724		55
6725		53
6726		63
6727		41
6728		59
6729		61
6730		59
6731		50
6732		59
6733		66
6734		55
6735		41
6736		61
6737		55
6738		50
6739		54
6740		64
6741		50
6742		58
6743		62
6744		46
6745		64
6746		43
6747		57
6748		54
6749		63
6750		42
6751		35
6752		36
6753		75
6754		58
6755		48
6756		51
6757		23
6758		38
6759		41
6760		54
6761		54
6762		45
6763		52
6764		43
6765		55
6766		52
6767		53
6768		55
6769		64
6770		52
6771		48
6772		34
6773		62
6774		49
6775		55
6776		34
6777		60
6778		46
6779		32
6780		66
6781		54
6782		46
6783		56
6784		42
6785		52
6786		59
6787		54
6788		64
6789		54
6790		55
6791		39
6792		63
6793		56
6794		45
6795		57
6796		61
6797		66
6798		58
6799		61
6800		31
6801		49
6802		77
6803		59
6804		37
6805		53
6806		53
6807		42
6808		56
6809		39
6810		47
6811		62
6812		52
6813		53
6814		59
6815		50
6816		59
6817		55
6818		37
6819		67
6820		56
6821		32
6822		60
6823		61
6824		55
6825		37
6826		69
6827		54
6828		50
6829		43
6830		58
6831		52
6832		57
6833		60
6834		58
6835		36
6836		54
6837		59
6838		45
6839		60
6840		45
6841		58
6842		36
6843		48
6844		53
6845		65
6846		53
6847		73
6848		42
6849		37
6850		48
6851		42
6852		53
6853		62
6854		51
6855		47
6856		42
6857		47
6858		52
6859		54
6860		50
6861		56
6862		56
6863		48
6864		51
6865		43
6866		64
6867		64
6868		62
6869		52
6870		61
6871		37
6872		47
6873		57
6874		57
6875		41
6876		47
6877		58
6878		49
6879		51
6880		51
6881		55
6882		48
6883		50
6884		55
6885		46
6886		39
6887		47
6888		63
6889		48
6890		43
6891		61
6892		50
6893		56
6894		51
6895		58
6896		50
6897		61
6898		38
6899		50
6900		57
6901		53
6902		60
6903		68
6904		74
6905		53
6906		54
6907		65
6908		58
6909		60
6910		42
6911		40
6912		68
6913		58
6914		65
6915		79
6916		49
6917		57
6918		60
6919		52
6920		54
6921		71
6922		85
6923		74
6924		52
6925		62
6926		42
6927		48
6928		47
6929		58
6930		64
6931		47
6932		67
6933		39
6934		38
6935		59
6936		38
6937		46
6938		41
6939		37
6940		56
6941		59
6942		52
6943		44
6944		63
6945		30
6946		64
6947		42
6948		60
6949		46
6950		45
6951		48
6952		45
6953		45
6954		47
6955		49
6956		62
6957		45
6958		48
6959		42
6960		51
6961		59
6962		63
6963		44
6964		44
6965		64
6966		63
6967		53
6968		41
6969		47
6970		52
6971		68
6972		65
6973		61
6974		28
6975		45
6976		50
6977		47
6978		54
6979		50
6980		46
6981		69
6982		41
6983		27
6984		49
6985		52
6986		48
6987		47
6988		53
6989		47
6990		52
6991		55
6992		45
6993		43
6994		57
6995		45
6996		54
6997		51
6998		55
6999		42
7000		49
7001		41
7002		54
7003		45
7004		43
7005		54
7006		40
7007		67
7008		58
7009		53
7010		36
7011		50
7012		48
7013		62
7014		19
7015		40
7016		48
7017		67
7018		47
7019		60
7020		53
7021		54
7022		49
7023		54
7024		49
7025		58
7026		54
7027		52
7028		34
7029		34
7030		53
7031		46
7032		53
7033		52
7034		47
7035		45
7036		29
7037		54
7038		60
7039		50
7040		48
7041		49
7042		66
7043		48
7044		53
7045		38
7046		65
7047		58
7048		52
7049		53
7050		46
7051		56
7052		62
7053		45
7054		40
7055		59
7056		70
7057		59
7058		62
7059		55
7060		67
7061		50
7062		57
7063		36
7064		38
7065		51
7066		60
7067		53
7068		43
7069		71
7070		61
7071		55
7072		56
7073		41
7074		59
7075		48
7076		57
7077		58
7078		51
7079		47
7080		59
7081		47
7082		49
7083		43
7084		54
7085		57
7086		47
7087		46
7088		62
7089		21
7090		52
7091		41
7092		62
7093		48
7094		53
7095		58
7096		60
7097		58
7098		56
7099		53
7100		50
7101		43
7102		61
7103		56
7104		51
7105		53
7106		69
7107		50
7108		41
7109		52
7110		25
7111		54
7112		49
7113		56
7114		36
7115		57
7116		64
7117		62
7118		52
7119		59
7120		47
7121		53
7122		51
7123		55
7124		50
7125		61
7126		37
7127		48
7128		43
7129		49
7130		45
7131		41
7132		65
7133		45
7134		59
7135		59
7136		57
7137		61
7138		60
7139		44
7140		52
7141		36
7142		56
7143		52
7144		58
7145		39
7146		61
7147		55
7148		47
7149		55
7150		55
7151		48
7152		66
7153		52
7154		53
7155		58
7156		64
7157		45
7158		57
7159		54
7160		60
7161		45
7162		46
7163		61
7164		57
7165		57
7166		56
7167		50
7168		74
7169		50
7170		54
7171		33
7172		50
7173		64
7174		56
7175		57
7176		39
7177		46
7178		64
7179		56
7180		50
7181		50
7182		50
7183		70
7184		43
7185		36
7186		49
7187		67
7188		37
7189		42
7190		56
7191		45
7192		51
7193		67
7194		49
7195		59
7196		42
7197		50
7198		40
7199		50
7200		65
7201		59
7202		52
7203		67
7204		35
7205		48
7206		52
7207		52
7208		49
7209		65
7210		63
7211		61
7212		53
7213		53
7214		57
7215		46
7216		61
7217		47
7218		94
7219		43
7220		65
7221		51
7222		51
7223		43
7224		43
7225		35
7226		50
7227		62
7228		69
7229		56
7230		50
7231		44
7232		54
7233		51
7234		39
7235		27
7236		48
7237		53
7238		50
7239		53
7240		37
7241		51
7242		43
7243		52
7244		39
7245		47
7246		57
7247		45
7248		55
7249		44
7250		56
7251		68
7252		44
7253		38
7254		73
7255		64
7256		51
7257		48
7258		53
7259		52
7260		61
7261		19
7262		42
7263		47
7264		55
7265		52
7266		48
7267		61
7268		37
7269		48
7270		43
7271		46
7272		36
7273		59
7274		50
7275		60
7276		51
7277		65
7278		62
7279		65
7280		49
7281		47
7282		42
7283		65
7284		55
7285		57
7286		50
7287		56
7288		55
7289		45
7290		59
7291		53
7292		50
7293		56
7294		60
7295		44
7296		52
7297		51
7298		48
7299		52
7300		59
7301		36
7302		59
7303		52
7304		52
7305		63
7306		58
7307		50
7308		67
7309		26
7310		30
7311		57
7312		54
7313		45
7314		52
7315		57
7316		56
7317		56
7318		53
7319		72
7320		56
7321		45
7322		52
7323		51
7324		59
7325		52
7326		53
7327		53
7328		48
7329		52
7330		46
7331		63
7332		58
7333		39
7334		81
7335		43
7336		69
7337		58
7338		41
7339		53
7340		60
7341		59
7342		53
7343		56
7344		51
7345		53
7346		46
7347		47
7348		48
7349		39
7350		55
7351		52
7352		41
7353		62
7354		48
7355		37
7356		61
7357		51
7358		47
7359		53
7360		55
7361		53
7362		55
7363		52
7364		55
7365		28
7366		45
7367		45
7368		42
7369		50
7370		46
7371		51
7372		57
7373		43
7374		57
7375		50
7376		34
7377		57
7378		46
7379		38
7380		55
7381		56
7382		54
7383		55
7384		48
7385		52
7386		49
7387		44
7388		68
7389		63
7390		48
7391		55
7392		44
7393		42
7394		55
7395		59
7396		50
7397		56
7398		76
7399		56
7400		60
7401		43
7402		44
7403		40
7404		59
7405		62
7406		50
7407		60
7408		52
7409		43
7410		33
7411		39
7412		63
7413		64
7414		65
7415		46
7416		54
7417		44
7418		56
7419		22
7420		58
7421		51
7422		65
7423		43
7424		49
7425		63
7426		48
7427		64
7428		45
7429		62
7430		49
7431		52
7432		52
7433		54
7434		42
7435		52
7436		49
7437		49
7438		49
7439		59
7440		61
7441		56
7442		55
7443		34
7444		57
7445		48
7446		60
7447		55
7448		56
7449		52
7450		48
7451		53
7452		50
7453		66
7454		55
7455		49
7456		45
7457		31
7458		54
7459		45
7460		56
7461		40
7462		49
7463		46
7464		42
7465		51
7466		47
7467		46
7468		47
7469		44
7470		40
7471		58
7472		53
7473		49
7474		51
7475		53
7476		57
7477		66
7478		53
7479		47
7480		43
7481		42
7482		54
7483		57
7484		59
7485		98
7486		49
7487		51
7488		51
7489		46
7490		58
7491		44
7492		57
7493		48
7494		61
7495		23
7496		60
7497		42
7498		46
7499		74
7500		61
7501		50
7502		60
7503		61
7504		58
7505		45
7506		56
7507		61
7508		49
7509		59
7510		36
7511		40
7512		43
7513		90
7514		30
7515		39
7516		42
7517		42
7518		64
7519		62
7520		58
7521		47
7522		56
7523		55
7524		54
7525		49
7526		56
7527		60
7528		49
7529		63
7530		27
7531		59
7532		54
7533		58
7534		35
7535		69
7536		56
7537		54
7538		53
7539		45
7540		56
7541		56
7542		68
7543		41
7544		55
7545		56
7546		68
7547		66
7548		35
7549		51
7550		79
7551		60
7552		65
7553		38
7554		54
7555		41
7556		47
7557		40
7558		45
7559		30
7560		55
7561		58
7562		26
7563		50
7564		42
7565		47
7566		46
7567		51
7568		59
7569		51
7570		40
7571		45
7572		51
7573		45
7574		60
7575		54
7576		53
7577		37
7578		47
7579		38
7580		46
7581		60
7582		66
7583		48
7584		51
7585		52
7586		58
7587		37
7588		47
7589		46
7590		49
7591		52
7592		43
7593		56
7594		60
7595		56
7596		59
7597		56
7598		55
7599		47
7600		57
7601		41
7602		58
7603		49
7604		55
7605		50
7606		57
7607		31
7608		44
7609		53
7610		54
7611		46
7612		62
7613		60
7614		47
7615		37
7616		51
7617		48
7618		25
7619		72
7620		47
7621		50
7622		58
7623		40
7624		46
7625		52
7626		53
7627		51
7628		63
7629		46
7630		54
7631		37
7632		39
7633		55
7634		50
7635		49
7636		50
7637		47
7638		51
7639		63
7640		50
7641		47
7642		67
7643		49
7644		49
7645		50
7646		50
7647		52
7648		53
7649		47
7650		64
7651		55
7652		54
7653		55
7654		32
7655		55
7656		46
7657		60
7658		47
7659		45
7660		42
7661		57
7662		53
7663		43
7664		48
7665		45
7666		33
7667		59
7668		54
7669		53
7670		54
7671		55
7672		50
7673		54
7674		47
7675		51
7676		63
7677		64
7678		52
7679		66
7680		36
7681		49
7682		63
7683		72
7684		37
7685		49
7686		58
7687		48
7688		47
7689		64
7690		46
7691		39
7692		60
7693		44
7694		58
7695		47
7696		59
7697		45
7698		53
7699		57
7700		55
7701		39
7702		54
7703		62
7704		71
7705		59
7706		52
7707		53
7708		57
7709		45
7710		71
7711		55
7712		12
7713		42
7714		52
7715		61
7716		55
7717		50
7718		50
7719		53
7720		51
7721		58
7722		49
7723		70
7724		48
7725		58
7726		37
7727		60
7728		54
7729		54
7730		54
7731		61
7732		57
7733		47
7734		41
7735		41
7736		52
7737		59
7738		70
7739		36
7740		54
7741		53
7742		50
7743		59
7744		75
7745		52
7746		46
7747		47
7748		63
7749		62
7750		40
7751		52
7752		68
7753		44
7754		45
7755		59
7756		73
7757		58
7758		54
7759		52
7760		47
7761		36
7762		49
7763		46
7764		49
7765		52
7766		50
7767		55
7768		63
7769		62
7770		47
7771		49
7772		57
7773		53
7774		66
7775		42
7776		51
7777		58
7778		55
7779		54
7780		44
7781		46
7782		58
7783		49
7784		54
7785		53
7786		63
7787		35
7788		57
7789		40
7790		50
7791		64
7792		52
7793		45
7794		59
7795		41
7796		48
7797		58
7798		63
7799		58
7800		39
7801		59
7802		44
7803		47
7804		55
7805		66
7806		55
7807		47
7808		48
7809		70
7810		56
7811		58
7812		57
7813		53
7814		53
7815		48
7816		44
7817		53
7818		43
7819		72
7820		50
7821		60
7822		45
7823		67
7824		48
7825		59
7826		36
7827		44
7828		41
7829		58
7830		50
7831		49
7832		51
7833		83
7834		55
7835		45
7836		52
7837		59
7838		65
7839		60
7840		52
7841		57
7842		48
7843		50
7844		52
7845		57
7846		51
7847		62
7848		40
7849		45
7850		55
7851		34
7852		50
7853		58
7854		50
7855		51
7856		44
7857		55
7858		41
7859		53
7860		68
7861		50
7862		48
7863		54
7864		45
7865		58
7866		62
7867		49
7868		57
7869		41
7870		60
7871		37
7872		46
7873		50
7874		51
7875		52
7876		54
7877		50
7878		62
7879		60
7880		53
7881		64
7882		38
7883		37
7884		54
7885		54
7886		40
7887		53
7888		76
7889		56
7890		57
7891		49
7892		32
7893		58
7894		55
7895		31
7896		66
7897		56
7898		52
7899		69
7900		50
7901		45
7902		65
7903		46
7904		58
7905		44
7906		38
7907		46
7908		69
7909		50
7910		55
7911		43
7912		56
7913		63
7914		69
7915		59
7916		61
7917		42
7918		50
7919		52
7920		58
7921		48
7922		58
7923		50
7924		54
7925		52
7926		44
7927		50
7928		47
7929		57
7930		61
7931		50
7932		53
7933		43
7934		56
7935		80
7936		33
7937		49
7938		59
7939		57
7940		51
7941		40
7942		64
7943		49
7944		71
7945		39
7946		55
7947		46
7948		49
7949		66
7950		54
7951		43
7952		48
7953		58
7954		42
7955		52
7956		45
7957		56
7958		68
7959		34
7960		50
7961		53
7962		54
7963		52
7964		54
7965		38
7966		64
7967		59
7968		42
7969		50
7970		43
7971		53
7972		45
7973		50
7974		64
7975		53
7976		57
7977		51
7978		54
7979		50
7980		70
7981		52
7982		36
7983		49
7984		62
7985		49
7986		57
7987		50
7988		54
7989		42
7990		64
7991		58
7992		46
7993		60
7994		49
7995		43
7996		58
7997		68
7998		65
7999		61
8000		49
8001		38
8002		48
8003		59
8004		39
8005		57
8006		45
8007		44
8008		55
8009		72
8010		28
8011		41
8012		48
8013		53
8014		58
8015		57
8016		47
8017		55
8018		58
8019		56
8020		51
8021		65
8022		52
8023		42
8024		67
8025		58
8026		52
8027		61
8028		64
8029		58
8030		49
8031		50
8032		46
8033		72
8034		51
8035		57
8036		63
8037		41
8038		57
8039		45
8040		57
8041		39
8042		42
8043		48
8044		45
8045		55
8046		52
8047		49
8048		47
8049		58
8050		51
8051		51
8052		46
8053		40
8054		61
8055		47
8056		43
8057		70
8058		58
8059		52
8060		61
8061		55
8062		57
8063		70
8064		57
8065		45
8066		56
8067		47
8068		50
8069		60
8070		58
8071		58
8072		45
8073		39
8074		57
8075		49
8076		33
8077		54
8078		65
8079		50
8080		64
8081		56
8082		66
8083		51
8084		54
8085		41
8086		50
8087		52
8088		53
8089		51
8090		51
8091		54
8092		50
8093		59
8094		19
8095		37
8096		51
8097		50
8098		69
8099		65
8100		39
8101		50
8102		54
8103		49
8104		43
8105		66
8106		24
8107		56
8108		64
8109		50
8110		55
8111		58
8112		42
8113		47
8114		53
8115		50
8116		31
8117		50
8118		49
8119		53
8120		57
8121		47
8122		63
8123		47
8124		57
8125		41
8126		48
8127		50
8128		43
8129		52
8130		50
8131		36
8132		54
8133		49
8134		61
8135		58
8136		42
8137		44
8138		53
8139		50
8140		40
8141		47
8142		51
8143		54
8144		39
8145		55
8146		45
8147		50
8148		49
8149		54
8150		53
8151		56
8152		42
8153		62
8154		52
8155		61
8156		44
8157		53
8158		40
8159		55
8160		40
8161		49
8162		49
8163		50
8164		42
8165		50
8166		64
8167		55
8168		52
8169		62
8170		50
8171		59
8172		47
8173		50
8174		52
8175		43
8176		53
8177		52
8178		72
8179		60
8180		66
8181		47
8182		66
8183		37
8184		58
8185		46
8186		64
8187		53
8188		43
8189		46
8190		43
8191		35
8192		51
8193		51
8194		52
8195		44
8196		51
8197		65
8198		52
8199		43
8200		51
8201		52
8202		60
8203		46
8204		25
8205		53
8206		47
8207		45
8208		40
8209		69
8210		44
8211		36
8212		59
8213		63
8214		60
8215		33
8216		57
8217		65
8218		34
8219		55
8220		44
8221		52
8222		51
8223		54
8224		51
8225		46
8226		33
8227		60
8228		41
8229		36
8230		48
8231		62
8232		56
8233		32
8234		54
8235		50
8236		52
8237		61
8238		59
8239		57
8240		44
8241		78
8242		63
8243		43
8244		25
8245		57
8246		57
8247		54
8248		54
8249		58
8250		55
8251		56
8252		41
8253		34
8254		47
8255		61
8256		51
8257		87
8258		41
8259		53
8260		44
8261		64
8262		64
8263		72
8264		56
8265		54
8266		46
8267		54
8268		60
8269		50
8270		46
8271		52
8272		36
8273		57
8274		52
8275		25
8276		62
8277		43
8278		53
8279		59
8280		47
8281		44
8282		44
8283		50
8284		50
8285		39
8286		49
8287		59
8288		49
8289		59
8290		44
8291		66
8292		48
8293		36
8294		34
8295		66
8296		51
8297		52
8298		53
8299		68
8300		61
8301		45
8302		57
8303		48
8304		61
8305		53
8306		54
8307		47
8308		62
8309		48
8310		57
8311		44
8312		57
8313		61
8314		62
8315		53
8316		38
8317		71
8318		59
8319		74
8320		50
8321		39
8322		53
8323		42
8324		49
8325		63
8326		57
8327		39
8328		58
8329		42
8330		47
8331		67
8332		47
8333		43
8334		72
8335		60
8336		50
8337		66
8338		53
8339		48
8340		45
8341		65
8342		57
8343		53
8344		54
8345		48
8346		41
8347		56
8348		57
8349		47
8350		49
8351		50
8352		32
8353		55
8354		53
8355		46
8356		61
8357		51
8358		51
8359		47
8360		50
8361		50
8362		44
8363		47
8364		46
8365		58
8366		51
8367		54
8368		58
8369		55
8370		52
8371		63
8372		55
8373		67
8374		59
8375		41
8376		48
8377		48
8378		48
8379		58
8380		42
8381		64
8382		56
8383		51
8384		52
8385		38
8386		59
8387		41
8388		47
8389		42
8390		55
8391		52
8392		63
8393		53
8394		47
8395		58
8396		63
8397		51
8398		63
8399		64
8400		65
8401		58
8402		40
8403		52
8404		49
8405		54
8406		55
8407		49
8408		56
8409		52
8410		56
8411		52
8412		39
8413		64
8414		55
8415		61
8416		59
8417		50
8418		55
8419		59
8420		61
8421		56
8422		65
8423		29
8424		47
8425		58
8426		68
8427		52
8428		45
8429		70
8430		46
8431		54
8432		61
8433		61
8434		50
8435		54
8436		46
8437		37
8438		52
8439		47
8440		38
8441		44
8442		69
8443		60
8444		46
8445		57
8446		71
8447		52
8448		32
8449		41
8450		55
8451		62
8452		47
8453		59
8454		53
8455		40
8456		28
8457		56
8458		68
8459		43
8460		44
8461		40
8462		68
8463		65
8464		52
8465		60
8466		79
8467		52
8468		45
8469		50
8470		53
8471		50
8472		62
8473		44
8474		48
8475		73
8476		54
8477		50
8478		45
8479		49
8480		48
8481		54
8482		53
8483		51
8484		61
8485		69
8486		60
8487		33
8488		56
8489		49
8490		60
8491		45
8492		37
8493		69
8494		38
8495		61
8496		55
8497		62
8498		53
8499		58
8500		48
8501		49
8502		35
8503		46
8504		60
8505		44
8506		66
8507		56
8508		25
8509		49
8510		39
8511		53
8512		76
8513		50
8514		48
8515		39
8516		67
8517		48
8518		40
8519		48
8520		57
8521		54
8522		52
8523		45
8524		56
8525		57
8526		61
8527		73
8528		53
8529		47
8530		54
8531		63
8532		49
8533		53
8534		58
8535		36
8536		60
8537		41
8538		56
8539		55
8540		58
8541		47
8542		59
8543		57
8544		49
8545		55
8546		62
8547		58
8548		51
8549		67
8550		54
8551		49
8552		35
8553		53
8554		46
8555		48
8556		51
8557		52
8558		39
8559		70
8560		50
8561		55
8562		59
8563		35
8564		32
8565		58
8566		50
8567		59
8568		61
8569		57
8570		49
8571		49
8572		53
8573		48
8574		65
8575		53
8576		56
8577		44
8578		53
8579		52
8580		64
8581		53
8582		50
8583		53
8584		35
8585		45
8586		53
8587		60
8588		67
8589		54
8590		57
8591		74
8592		45
8593		57
8594		45
8595		51
8596		51
8597		57
8598		33
8599		48
8600		53
8601		49
8602		46
8603		36
8604		52
8605		53
8606		51
8607		47
8608		68
8609		70
8610		45
8611		49
8612		56
8613		54
8614		66
8615		60
8616		17
8617		48
8618		51
8619		62
8620		52
8621		58
8622		47
8623		31
8624		48
8625		56
8626		47
8627		59
8628		46
8629		79
8630		55
8631		56
8632		52
8633		59
8634		59
8635		52
8636		60
8637		66
8638		45
8639		64
8640		42
8641		49
8642		48
8643		38
8644		54
8645		52
8646		43
8647		52
8648		58
8649		47
8650		42
8651		41
8652		30
8653		52
8654		52
8655		35
8656		48
8657		46
8658		43
8659		66
8660		50
8661		56
8662		54
8663		24
8664		60
8665		45
8666		62
8667		45
8668		56
8669		65
8670		52
8671		51
8672		50
8673		59
8674		52
8675		67
8676		80
8677		53
8678		38
8679		44
8680		54
8681		40
8682		46
8683		47
8684		58
8685		46
8686		51
8687		50
8688		43
8689		61
8690		58
8691		48
8692		62
8693		52
8694		57
8695		33
8696		54
8697		55
8698		46
8699		63
8700		47
8701		61
8702		60
8703		34
8704		50
8705		42
8706		41
8707		46
8708		34
8709		48
8710		52
8711		62
8712		54
8713		59
8714		68
8715		40
8716		50
8717		71
8718		41
8719		45
8720		56
8721		43
8722		48
8723		49
8724		52
8725		48
8726		58
8727		62
8728		53
8729		59
8730		48
8731		64
8732		51
8733		29
8734		48
8735		55
8736		45
8737		54
8738		47
8739		45
8740		60
8741		45
8742		50
8743		41
8744		53
8745		47
8746		53
8747		57
8748		45
8749		53
8750		50
8751		49
8752		50
8753		55
8754		40
8755		47
8756		56
8757		49
8758		74
8759		46
8760		62
8761		47
8762		34
8763		56
8764		57
8765		44
8766		62
8767		19
8768		55
8769		62
8770		44
8771		40
8772		43
8773		45
8774		63
8775		36
8776		39
8777		65
8778		47
8779		51
8780		55
8781		48
8782		62
8783		42
8784		43
8785		55
8786		13
8787		53
8788		51
8789		60
8790		58
8791		62
8792		66
8793		56
8794		61
8795		62
8796		49
8797		55
8798		57
8799		54
8800		55
8801		57
8802		37
8803		36
8804		54
8805		55
8806		47
8807		33
8808		66
8809		51
8810		29
8811		50
8812		42
8813		52
8814		61
8815		60
8816		51
8817		46
8818		68
8819		70
8820		55
8821		57
8822		61
8823		55
8824		88
8825		49
8826		56
8827		47
8828		59
8829		52
8830		38
8831		47
8832		42
8833		53
8834		46
8835		36
8836		50
8837		51
8838		64
8839		55
8840		44
8841		55
8842		55
8843		62
8844		20
8845		52
8846		43
8847		41
8848		57
8849		70
8850		42
8851		52
8852		55
8853		39
8854		49
8855		56
8856		74
8857		68
8858		57
8859		42
8860		64
8861		45
8862		57
8863		49
8864		45
8865		80
8866		59
8867		60
8868		55
8869		51
8870		51
8871		60
8872		50
8873		48
8874		32
8875		49
8876		48
8877		63
8878		60
8879		54
8880		62
8881		53
8882		51
8883		52
8884		38
8885		50
8886		41
8887		35
8888		47
8889		45
8890		48
8891		66
8892		53
8893		45
8894		65
8895		49
8896		47
8897		47
8898		50
8899		51
8900		68
8901		54
8902		72
8903		47
8904		68
8905		61
8906		31
8907		64
8908		52
8909		14
8910		49
8911		51
8912		56
8913		52
8914		49
8915		53
8916		50
8917		46
8918		46
8919		52
8920		54
8921		48
8922		48
8923		54
8924		44
8925		55
8926		59
8927		44
8928		56
8929		55
8930		47
8931		36
8932		48
8933		46
8934		52
8935		39
8936		48
8937		44
8938		57
8939		49
8940		53
8941		58
8942		40
8943		42
8944		46
8945		48
8946		56
8947		42
8948		60
8949		51
8950		57
8951		65
8952		60
8953		61
8954		42
8955		56
8956		38
8957		54
8958		54
8959		54
8960		57
8961		59
8962		52
8963		45
8964		30
8965		49
8966		46
8967		40
8968		70
8969		35
8970		61
8971		52
8972		54
8973		46
8974		82
8975		59
8976		58
8977		57
8978		40
8979		52
8980		55
8981		55
8982		73
8983		46
8984		48
8985		60
8986		58
8987		47
8988		52
8989		53
8990		36
8991		72
8992		48
8993		51
8994		52
8995		68
8996		55
8997		50
8998		40
8999		50
9000		57
9001		52
9002		46
9003		52
9004		49
9005		42
9006		47
9007		43
9008		65
9009		55
9010		65
9011		43
9012		49
9013		49
9014		47
9015		54
9016		47
9017		51
9018		48
9019		53
9020		56
9021		58
9022		58
9023		58
9024		56
9025		49
9026		29
9027		81
9028		35
9029		45
9030		47
9031		13
9032		52
9033		61
9034		48
9035		77
9036		63
9037		50
9038		47
9039		39
9040		58
9041		47
9042		57
9043		44
9044		41
9045		41
9046		60
9047		44
9048		60
9049		45
9050		45
9051		43
9052		69
9053		63
9054		29
9055		54
9056		58
9057		46
9058		55
9059		30
9060		40
9061		59
9062		49
9063		61
9064		40
9065		54
9066		57
9067		48
9068		65
9069		58
9070		48
9071		62
9072		48
9073		57
9074		42
9075		50
9076		50
9077		53
9078		49
9079		56
9080		53
9081		62
9082		53
9083		53
9084		57
9085		62
9086		35
9087		60
9088		52
9089		45
9090		44
9091		36
9092		50
9093		65
9094		42
9095		58
9096		58
9097		65
9098		50
9099		50
9100		46
9101		50
9102		43
9103		36
9104		42
9105		59
9106		58
9107		51
9108		47
9109		53
9110		47
9111		45
9112		51
9113		52
9114		63
9115		50
9116		42
9117		58
9118		49
9119		81
9120		51
9121		50
9122		33
9123		40
9124		63
9125		42
9126		44
9127		61
9128		51
9129		45
9130		60
9131		48
9132		39
9133		50
9134		45
9135		59
9136		62
9137		40
9138		57
9139		51
9140		32
9141		52
9142		53
9143		40
9144		47
9145		56
9146		51
9147		58
9148		52
9149		48
9150		48
9151		52
9152		60
9153		37
9154		34
9155		40
9156		47
9157		55
9158		55
9159		50
9160		51
9161		59
9162		58
9163		63
9164		54
9165		41
9166		58
9167		41
9168		36
9169		50
9170		75
9171		42
9172		66
9173		54
9174		65
9175		49
9176		63
9177		73
9178		50
9179		56
9180		38
9181		49
9182		50
9183		56
9184		55
9185		46
9186		54
9187		41
9188		72
9189		45
9190		62
9191		60
9192		59
9193		49
9194		59
9195		57
9196		54
9197		55
9198		27
9199		47
9200		73
9201		55
9202		59
9203		58
9204		54
9205		55
9206		52
9207		69
9208		60
9209		45
9210		48
9211		57
9212		65
9213		63
9214		55
9215		40
9216		68
9217		42
9218		57
9219		48
9220		61
9221		46
9222		60
9223		63
9224		57
9225		52
9226		48
9227		48
9228		62
9229		64
9230		52
9231		47
9232		50
9233		50
9234		40
9235		53
9236		53
9237		62
9238		55
9239		43
9240		52
9241		60
9242		51
9243		50
9244		55
9245		41
9246		60
9247		48
9248		74
9249		50
9250		51
9251		58
9252		54
9253		56
9254		55
9255		63
9256		50
9257		62
9258		56
9259		52
9260		45
9261		42
9262		53
9263		48
9264		45
9265		52
9266		49
9267		54
9268		69
9269		53
9270		59
9271		50
9272		60
9273		59
9274		60
9275		64
9276		51
9277		58
9278		54
9279		61
9280		53
9281		64
9282		52
9283		66
9284		67
9285		41
9286		31
9287		61
9288		68
9289		49
9290		53
9291		66
9292		47
9293		52
9294		46
9295		53
9296		49
9297		49
9298		51
9299		57
9300		49
9301		42
9302		50
9303		53
9304		48
9305		44
9306		47
9307		56
9308		40
9309		52
9310		53
9311		48
9312		48
9313		32
9314		31
9315		60
9316		43
9317		66
9318		60
9319		49
9320		63
9321		61
9322		52
9323		49
9324		50
9325		46
9326		48
9327		22
9328		47
9329		64
9330		42
9331		61
9332		65
9333		59
9334		56
9335		56
9336		53
9337		47
9338		55
9339		47
9340		58
9341		55
9342		53
9343		64
9344		43
9345		58
9346		51
9347		48
9348		59
9349		55
9350		55
9351		71
9352		53
9353		35
9354		57
9355		50
9356		39
9357		43
9358		62
9359		45
9360		63
9361		54
9362		59
9363		53
9364		47
9365		60
9366		53
9367		25
9368		63
9369		45
9370		38
9371		57
9372		54
9373		59
9374		61
9375		58
9376		42
9377		80
9378		41
9379		47
9380		44
9381		64
9382		39
9383		61
9384		55
9385		50
9386		44
9387		58
9388		49
9389		34
9390		47
9391		45
9392		56
9393		50
9394		44
9395		45
9396		32
9397		51
9398		54
9399		50
9400		41
9401		56
9402		51
9403		55
9404		41
9405		69
9406		61
9407		44
9408		65
9409		64
9410		60
9411		32
9412		38
9413		67
9414		52
9415		70
9416		53
9417		39
9418		47
9419		54
9420		55
9421		30
9422		46
9423		64
9424		44
9425		42
9426		40
9427		46
9428		40
9429		48
9430		46
9431		75
9432		49
9433		33
9434		59
9435		51
9436		71
9437		60
9438		63
9439		66
9440		67
9441		46
9442		59
9443		40
9444		51
9445		50
9446		40
9447		46
9448		47
9449		58
9450		47
9451		47
9452		65
9453		57
9454		59
9455		45
9456		40
9457		66
9458		37
9459		46
9460		54
9461		56
9462		47
9463		44
9464		71
9465		68
9466		53
9467		57
9468		57
9469		55
9470		41
9471		41
9472		46
9473		58
9474		63
9475		62
9476		66
9477		42
9478		33
9479		50
9480		53
9481		52
9482		46
9483		57
9484		46
9485		55
9486		65
9487		52
9488		56
9489		49
9490		46
9491		54
9492		39
9493		47
9494		47
9495		51
9496		66
9497		52
9498		61
9499		37
9500		56
9501		62
9502		34
9503		70
9504		72
9505		57
9506		49
9507		61
9508		48
9509		16
9510		60
9511		48
9512		39
9513		68
9514		55
9515		32
9516		56
9517		45
9518		64
9519		55
9520		34
9521		44
9522		49
9523		83
9524		57
9525		54
9526		51
9527		50
9528		60
9529		71
9530		55
9531		54
9532		73
9533		42
9534		58
9535		76
9536		44
9537		53
9538		42
9539		43
9540		51
9541		63
9542		37
9543		54
9544		54
9545		47
9546		43
9547		41
9548		49
9549		44
9550		41
9551		64
9552		53
9553		45
9554		69
9555		61
9556		51
9557		66
9558		58
9559		49
9560		49
9561		62
9562		46
9563		48
9564		48
9565		44
9566		69
9567		24
9568		51
9569		44
9570		26
9571		49
9572		51
9573		55
9574		59
9575		67
9576		50
9577		65
9578		75
9579		62
9580		57
9581		57
9582		58
9583		39
9584		47
9585		37
9586		51
9587		50
9588		38
9589		56
9590		43
9591		45
9592		56
9593		57
9594		30
9595		54
9596		44
9597		52
9598		65
9599		47
9600		39
9601		63
9602		50
9603		41
9604		52
9605		41
9606		65
9607		60
9608		60
9609		59
9610		58
9611		32
9612		28
9613		67
9614		66
9615		56
9616		68
9617		48
9618		50
9619		55
9620		49
9621		49
9622		58
9623		58
9624		60
9625		58
9626		65
9627		55
9628		45
9629		52
9630		70
9631		60
9632		50
9633		48
9634		60
9635		39
9636		24
9637		56
9638		49
9639		44
9640		68
9641		44
9642		54
9643		36
9644		45
9645		56
9646		54
9647		46
9648		53
9649		46
9650		57
9651		30
9652		51
9653		52
9654		49
9655		57
9656		48
9657		46
9658		53
9659		51
9660		54
9661		53
9662		54
9663		47
9664		60
9665		38
9666		24
9667		50
9668		52
9669		48
9670		46
9671		57
9672		60
9673		47
9674		38
9675		53
9676		41
9677		50
9678		59
9679		52
9680		53
9681		54
9682		63
9683		51
9684		55
9685		63
9686		43
9687		42
9688		25
9689		36
9690		51
9691		53
9692		64
9693		42
9694		58
9695		43
9696		45
9697		55
9698		43
9699		48
9700		63
9701		52
9702		58
9703		47
9704		60
9705		53
9706		48
9707		45
9708		55
9709		44
9710		55
9711		61
9712		53
9713		64
9714		46
9715		49
9716		57
9717		41
9718		51
9719		46
9720		51
9721		54
9722		63
9723		64
9724		54
9725		64
9726		53
9727		66
9728		48
9729		40
9730		46
9731		55
9732		57
9733		62
9734		63
9735		54
9736		39
9737		56
9738		48
9739		51
9740		62
9741		38
9742		55
9743		53
9744		56
9745		61
9746		55
9747		48
9748		48
9749		79
9750		25
9751		53
9752		55
9753		35
9754		57
9755		56
9756		67
9757		57
9758		56
9759		51
9760		64
9761		46
9762		61
9763		58
9764		50
9765		43
9766		44
9767		47
9768		54
9769		44
9770		58
9771		57
9772		42
9773		46
9774		28
9775		55
9776		61
9777		31
9778		47
9779		44
9780		54
9781		55
9782		59
9783		48
9784		59
9785		61
9786		55
9787		46
9788		50
9789		48
9790		63
9791		53
9792		36
9793		49
9794		52
9795		43
9796		16
9797		48
9798		48
9799		44
9800		59
9801		28
9802		53
9803		56
9804		51
9805		59
9806		60
9807		59
9808		45
9809		59
9810		55
9811		58
9812		57
9813		62
9814		45
9815		59
9816		49
9817		56
9818		62
9819		67
9820		55
9821		45
9822		50
9823		50
9824		42
9825		47
9826		53
9827		48
9828		49
9829		62
9830		54
9831		47
9832		45
9833		45
9834		70
9835		49
9836		46
9837		39
9838		61
9839		47
9840		57
9841		67
9842		54
9843		55
9844		44
9845		57
9846		45
9847		47
9848		59
9849		47
9850		52
9851		59
9852		54
9853		52
9854		39
9855		43
9856		54
9857		41
9858		27
9859		58
9860		55
9861		57
9862		52
9863		43
9864		64
9865		36
9866		40
9867		48
9868		56
9869		54
9870		56
9871		43
9872		54
9873		68
9874		50
9875		65
9876		39
9877		31
9878		57
9879		74
9880		51
9881		39
9882		30
9883		46
9884		50
9885		42
9886		68
9887		52
9888		36
9889		62
9890		50
9891		58
9892		62
9893		50
9894		55
9895		51
9896		52
9897		28
9898		43
9899		55
9900		64
9901		48
9902		65
9903		45
9904		64
9905		59
9906		46
9907		54
9908		50
9909		52
9910		53
9911		45
9912		63
9913		20
9914		49
9915		60
9916		63
9917		54
9918		55
9919		41
9920		62
9921		54
9922		73
9923		69
9924		36
9925		58
9926		56
9927		62
9928		53
9929		50
9930		37
9931		42
9932		68
9933		53
9934		56
9935		28
9936		59
9937		59
9938		47
9939		58
9940		48
9941		53
9942		51
9943		43
9944		53
9945		32
9946		53
9947		47
9948		41
9949		63
9950		54
9951		50
9952		44
9953		50
9954		45
9955		54
9956		52
9957		39
9958		49
9959		59
9960		59
9961		54
9962		59
9963		54
9964		55
9965		75
9966		41
9967		46
9968		35
9969		58
9970		66
9971		47
9972		39
9973		53
9974		54
9975		55
9976		37
9977		60
9978		56
9979		46
9980		61
9981		62
9982		62
9983		52
9984		46
9985		41
9986		70
9987		51
9988		45
9989		73
9990		43
9991		62
9992		59
9993		40
9994		61
9995		52
9996		63
9997		59
9998		52
9999		67
