bash-4.4$ python3 src/main_pendulum.py
x1_list:  [-0.01  -0.009 -0.008 -0.007 -0.006 -0.005 -0.004 -0.003 -0.002 -0.001
  0.     0.001  0.002  0.003  0.004  0.005  0.006  0.007  0.008  0.009
  0.01   0.011  0.012  0.013  0.014  0.015  0.016  0.017  0.018  0.019
  0.02   0.021  0.022  0.023  0.024  0.025  0.026  0.027  0.028  0.029
  0.03   0.031  0.032  0.033  0.034  0.035  0.036  0.037  0.038  0.039
  0.04   0.041  0.042  0.043  0.044  0.045  0.046  0.047  0.048  0.049
  0.05 ]
x2_list:  [-0.02  -0.019 -0.018 -0.017 -0.016 -0.015 -0.014 -0.013 -0.012 -0.011
 -0.01  -0.009 -0.008 -0.007 -0.006 -0.005 -0.004 -0.003 -0.002 -0.001
  0.     0.001  0.002  0.003  0.004  0.005  0.006  0.007  0.008  0.009
  0.01   0.011  0.012  0.013  0.014  0.015  0.016  0.017  0.018  0.019
  0.02   0.021  0.022  0.023  0.024  0.025  0.026  0.027  0.028  0.029
  0.03   0.031  0.032  0.033  0.034  0.035  0.036  0.037  0.038  0.039
  0.04 ]
x3_list:  [-0.01  -0.009 -0.008 -0.007 -0.006 -0.005 -0.004 -0.003 -0.002 -0.001
  0.     0.001  0.002  0.003  0.004  0.005  0.006  0.007  0.008  0.009
  0.01 ]
x4_list:  [-0.005 -0.004 -0.003 -0.002 -0.001  0.     0.001  0.002  0.003  0.004
  0.005  0.006  0.007  0.008  0.009  0.01   0.011  0.012  0.013  0.014
  0.015  0.016  0.017  0.018  0.019  0.02   0.021  0.022  0.023  0.024
  0.025  0.026  0.027  0.028  0.029  0.03   0.031  0.032  0.033  0.034
  0.035]
u_list:  [-2.5000000e-02 -2.0000000e-02 -1.5000000e-02 -1.0000000e-02
 -5.0000000e-03 -6.9388939e-18  5.0000000e-03  1.0000000e-02
  1.5000000e-02  2.0000000e-02  2.5000000e-02  3.0000000e-02
  3.5000000e-02  4.0000000e-02  4.5000000e-02  5.0000000e-02
  5.5000000e-02  6.0000000e-02  6.5000000e-02  7.0000000e-02
  7.5000000e-02  8.0000000e-02  8.5000000e-02  9.0000000e-02
  9.5000000e-02  1.0000000e-01  1.0500000e-01  1.1000000e-01
  1.1500000e-01  1.2000000e-01  1.2500000e-01  1.3000000e-01
  1.3500000e-01  1.4000000e-01  1.4500000e-01  1.5000000e-01
  1.5500000e-01  1.6000000e-01  1.6500000e-01  1.7000000e-01
  1.7500000e-01]
number of states:  879093
number of transitions:  13345070
end_state in visited:  True
graph generation time:  3239.5009727478027
dijkstra path:  [(0.01, 0, -0.01, 0), (0.01, 0.004, -0.01, -0.002), (0.01, 0.008, -0.01, -0.005), (0.01, 0.009, -0.01, 0.009), (0.01, 0.014, -0.01, 0.01), (0.011, 0.014, -0.009, -0.002), (0.01, 0.016, -0.01, 0.015), (0.011, 0.015, -0.009, -0.0), (0.01, 0.017, -0.01, 0.017), (0.011, 0.016, -0.009, 0.002), (0.01, 0.018, -0.01, 0.02), (0.011, 0.017, -0.009, 0.006), (0.01, 0.019, -0.01, 0.024), (0.011, 0.018, -0.009, 0.01), (0.012, 0.017, -0.008, -0.003), (0.011, 0.019, -0.009, 0.013), (0.012, 0.018, -0.008, 0.0), (0.011, 0.02, -0.009, 0.016), (0.012, 0.019, -0.008, 0.003), (0.011, 0.021, -0.009, 0.019), (0.012, 0.02, -0.008, 0.006), (0.011, 0.022, -0.009, 0.023), (0.012, 0.021, -0.008, 0.01), (0.013, 0.02, -0.007, -0.003), (0.012, 0.022, -0.007, 0.01), (0.011, 0.023, -0.008, 0.023), (0.012, 0.022, -0.007, 0.011), (0.013, 0.02, -0.006, -0.002), (0.012, 0.021, -0.006, 0.009), (0.011, 0.023, -0.007, 0.023), (0.012, 0.022, -0.006, 0.013), (0.011, 0.024, -0.007, 0.027), (0.012, 0.023, -0.006, 0.017), (0.013, 0.023, -0.005, 0.011), (0.014, 0.022, -0.004, 0.003), (0.013, 0.023, -0.004, 0.01), (0.012, 0.025, -0.005, 0.021), (0.013, 0.025, -0.004, 0.016), (0.014, 0.025, -0.003, 0.011), (0.015, 0.024, -0.002, 0.006), (0.014, 0.024, -0.002, 0.01), (0.013, 0.026, -0.003, 0.018), (0.014, 0.026, -0.002, 0.015), (0.015, 0.025, -0.001, 0.011), (0.016, 0.024, -0.0, 0.008), (0.015, 0.023, 0.0, 0.006), (0.014, 0.023, -0.0, 0.005), (0.013, 0.023, -0.0, 0.004), (0.012, 0.023, -0.0, 0.003), (0.011, 0.023, -0.0, 0.004), (0.01, 0.023, -0.0, 0.005), (0.009, 0.023, 0.0, 0.006), (0.008, 0.023, 0.0, 0.007), (0.007, 0.023, 0.0, 0.008), (0.006, 0.023, 0.0, 0.009), (0.007, 0.023, 0.0, 0.01), (0.008, 0.022, 0.001, 0.008), (0.009, 0.021, 0.001, 0.008), (0.01, 0.02, 0.001, 0.008), (0.011, 0.02, 0.001, 0.01), (0.012, 0.019, 0.002, 0.01), (0.011, 0.018, 0.002, 0.006), (0.01, 0.017, 0.002, 0.002), (0.011, 0.017, 0.002, 0.005), (0.01, 0.016, 0.002, 0.001), (0.009, 0.015, 0.002, -0.003), (0.01, 0.015, 0.002, 0.0), (0.009, 0.014, 0.002, -0.004), (0.01, 0.014, 0.002, -0.001), (0.009, 0.013, 0.002, -0.005), (0.01, 0.013, 0.002, -0.002), (0.011, 0.013, 0.002, 0.001), (0.01, 0.012, 0.002, -0.003), (0.011, 0.012, 0.002, 0.0), (0.01, 0.011, 0.002, -0.004), (0.011, 0.011, 0.002, -0.001), (0.011, 0.01, 0.002, -0.005), (0.011, 0.01, 0.002, -0.002), (0.011, 0.01, 0.002, 0.001), (0.011, 0.01, 0.002, 0.004), (0.011, 0.01, 0.002, 0.007), (0.011, 0.011, 0.002, 0.011), (0.01, 0.011, 0.001, 0.01), (0.009, 0.011, 0.001, 0.009), (0.008, 0.011, 0.001, 0.008), (0.007, 0.011, 0.001, 0.007), (0.006, 0.011, 0.001, 0.006), (0.005, 0.011, 0.001, 0.005), (0.004, 0.01, 0.001, 0.001), (0.003, 0.01, 0.001, -0.0), (0.002, 0.01, 0.001, -0.001), (0.001, 0.01, 0.001, -0.002), (-0.0, 0.01, 0.001, -0.003), (-0.0, 0.009, 0.001, -0.005), (-0.0, 0.009, 0.001, -0.004), (-0.0, 0.009, 0.001, -0.003), (-0.0, 0.009, 0.001, -0.002), (-0.0, 0.009, 0.001, -0.001), (0.0, 0.008, 0.001, -0.004), (0.0, 0.008, 0.001, -0.003), (0.0, 0.008, 0.001, -0.002), (0.0, 0.008, 0.001, -0.001), (0.0, 0.007, 0.001, -0.004), (0.0, 0.007, 0.001, -0.003), (0.0, 0.007, 0.001, -0.002), (0.0, 0.007, 0.001, -0.001), (0.0, 0.006, 0.001, -0.004), (0.0, 0.006, 0.001, -0.003), (0.0, 0.006, 0.001, -0.002), (0.0, 0.006, 0.001, -0.001), (0.0, 0.005, 0.001, -0.004), (0.0, 0.005, 0.001, -0.003), (0.0, 0.005, 0.001, -0.002), (0.0, 0.005, 0.001, -0.001), (0.0, 0.005, 0.001, -0.0), (0.0, 0.004, 0.001, -0.003), (0.0, 0.004, 0.001, -0.002), (0.0, 0.004, 0.001, -0.001), (0.0, 0.004, 0.001, -0.0), (0.0, 0.003, 0.001, -0.003), (0.0, 0.003, 0.001, -0.002), (0.0, 0.003, 0.001, -0.001), (0.0, 0.002, 0.001, -0.004), (0.0, 0.002, 0.001, -0.002), (0.0, 0.002, 0.001, -0.0), (0.0, 0.001, 0.001, -0.003), (0.0, 0.001, 0.001, -0.001), (0.0, 0.001, 0.001, 0.001), (0.0, -0.0, 0.001, -0.002), (0.0, 0.0, 0.001, -0.0), (0.0, 0.0, 0.001, 0.002), (0.0, 0.0, 0.001, 0.004), (0.0, 0.0, 0.001, 0.006), (0.0, 0.0, 0.001, 0.008), (0.0, 0.0, 0.001, 0.01), (-0.0, -0.0, -0.0, 0.01), (-0.0, -0.0, -0.0, 0.009), (-0.0, -0.0, -0.0, 0.008), (-0.0, -0.0, -0.0, 0.007), (-0.0, -0.0, -0.0, 0.006), (0.0, -0.0, 0.0, 0.005), (0.0, -0.0, 0.0, 0.004), (0.0, -0.0, 0.0, 0.003), (0.0, -0.0, 0.0, 0.002), (0.0, -0.0, 0.0, 0.001), (0.0, -0.0, 0.0, 0.0)]
graph solving time:  54306.119816064835

