0		0
1		2871
2		674
3		1537
4		866
5		1627
6		420
7		60
8		63
9		771
10		49
11		397
12		81
13		454
14		161
15		416
16		453
17		33
18		383
19		75
20		349
21		31
22		1377
23		130
24		1387
25		1469
26		250
27		183
28		333
29		238
30		922
31		482
32		96
33		393
34		1010
35		556
36		49
37		640
38		123
39		284
40		316
41		93
42		744
43		215
44		28
45		49
46		133
47		208
48		982
49		582
50		837
51		540
52		351
53		300
54		213
55		66
56		17
57		2014
58		101
59		1097
60		67
61		38
62		321
63		972
64		1034
65		305
66		1099
67		340
68		201
69		723
70		912
71		200
72		46
73		288
74		165
75		776
76		69
77		62
78		164
79		695
80		106
81		385
82		495
83		552
84		38
85		1172
86		543
87		753
88		897
89		108
90		384
91		90
92		129
93		710
94		70
95		642
96		226
97		646
98		879
99		35
100		119
101		492
102		64
103		2150
104		223
105		152
106		394
107		701
108		127
109		462
110		509
111		34
112		1545
113		142
114		402
115		1007
116		67
117		37
118		973
119		670
120		502
121		720
122		2419
123		1027
124		37
125		627
126		272
127		59
128		194
129		229
130		817
131		372
132		103
133		1229
134		998
135		434
136		193
137		234
138		817
139		350
140		113
141		669
142		148
143		727
144		207
145		605
146		770
147		231
148		118
149		366
150		468
151		496
152		330
153		172
154		415
155		166
156		256
157		679
158		830
159		56
160		358
161		803
162		142
163		214
164		956
165		36
166		264
167		910
168		865
169		48
170		454
171		173
172		411
173		1136
174		582
175		36
176		138
177		228
178		97
179		83
180		1020
181		660
182		178
183		1197
184		281
185		157
186		20
187		244
188		57
189		751
190		1079
191		398
192		2699
193		458
194		810
195		222
196		234
197		285
198		32
199		1260
200		812
201		909
202		193
203		200
204		2689
205		1345
206		227
207		104
208		28
209		106
210		370
211		882
212		1125
213		984
214		524
215		1029
216		499
217		38
218		559
219		285
220		213
221		1180
222		258
223		579
224		271
225		365
226		66
227		164
228		198
229		2230
230		95
231		1006
232		540
233		395
234		80
235		1132
236		134
237		774
238		135
239		149
240		1462
241		382
242		505
243		521
244		950
245		1125
246		104
247		586
248		273
249		220
250		267
251		138
252		286
253		1243
254		380
255		788
256		989
257		2167
258		390
259		830
260		204
261		170
262		322
263		509
264		131
265		493
266		308
267		120
268		57
269		567
270		636
271		507
272		111
273		304
274		717
275		568
276		491
277		87
278		888
279		629
280		525
281		575
282		206
283		823
284		569
285		28
286		306
287		350
288		362
289		726
290		354
291		202
292		365
293		286
294		164
295		310
296		614
297		1418
298		375
299		377
300		480
301		71
302		1165
303		37
304		209
305		54
306		405
307		248
308		309
309		422
310		595
311		107
312		168
313		655
314		49
315		56
316		226
317		159
318		568
319		472
320		56
321		437
322		370
323		815
324		641
325		179
326		1193
327		881
328		130
329		1128
330		800
331		586
332		1388
333		427
334		597
335		442
336		1462
337		85
338		1234
339		616
340		515
341		481
342		43
343		256
344		69
345		592
346		495
347		324
348		775
349		388
350		96
351		641
352		1086
353		161
354		211
355		870
356		347
357		72
358		413
359		115
360		943
361		269
362		2897
363		78
364		327
365		514
366		39
367		1014
368		371
369		209
370		60
371		186
372		184
373		64
374		610
375		259
376		142
377		472
378		1185
379		897
380		244
381		763
382		848
383		396
384		1024
385		1594
386		755
387		52
388		289
389		1308
390		290
391		78
392		942
393		1477
394		908
395		1080
396		135
397		344
398		212
399		425
400		156
401		103
402		300
403		534
404		575
405		48
406		378
407		839
408		258
409		41
410		556
411		307
412		1179
413		142
414		654
415		1582
416		131
417		500
418		375
419		710
420		437
421		450
422		1635
423		935
424		282
425		591
426		819
427		127
428		628
429		163
430		520
431		54
432		354
433		365
434		255
435		494
436		802
437		32
438		188
439		184
440		1121
441		54
442		644
443		438
444		431
445		1569
446		24
447		334
448		176
449		451
450		115
451		75
452		177
453		104
454		873
455		565
456		849
457		389
458		1331
459		194
460		902
461		490
462		220
463		1247
464		311
465		49
466		280
467		1166
468		1373
469		285
470		133
471		557
472		447
473		184
474		311
475		160
476		79
477		1000
478		154
479		536
480		122
481		857
482		1321
483		1105
484		426
485		335
486		847
487		367
488		86
489		585
490		213
491		659
492		534
493		85
494		158
495		652
496		1063
497		85
498		1191
499		124
500		85
501		250
502		470
503		142
504		2364
505		349
506		580
507		201
508		32
509		175
510		375
511		167
512		936
513		1161
514		858
515		1889
516		216
517		829
518		1056
519		178
520		533
521		133
522		690
523		205
524		119
525		188
526		433
527		113
528		46
529		90
530		1227
531		189
532		417
533		1060
534		67
535		622
536		237
537		354
538		70
539		1302
540		98
541		29
542		112
543		394
544		725
545		37
546		550
547		343
548		930
549		447
550		355
551		708
552		293
553		330
554		57
555		258
556		174
557		402
558		456
559		918
560		356
561		553
562		156
563		677
564		1369
565		327
566		520
567		446
568		370
569		624
570		1079
571		115
572		822
573		490
574		161
575		725
576		978
577		1466
578		50
579		1083
580		322
581		1168
582		448
583		318
584		502
585		329
586		254
587		782
588		186
589		853
590		305
591		1663
592		156
593		55
594		72
595		138
596		693
597		36
598		233
599		45
600		339
601		507
602		340
603		449
604		585
605		624
606		375
607		826
608		206
609		539
610		1332
611		461
612		969
613		582
614		205
615		154
616		152
617		272
618		161
619		1780
620		255
621		318
622		2766
623		138
624		80
625		269
626		733
627		67
628		405
629		1113
630		477
631		75
632		564
633		651
634		419
635		290
636		713
637		1590
638		331
639		134
640		158
641		342
642		142
643		89
644		441
645		1635
646		1665
647		236
648		1446
649		57
650		666
651		265
652		873
653		575
654		134
655		783
656		156
657		229
658		206
659		453
660		270
661		1551
662		1691
663		700
664		57
665		1062
666		937
667		123
668		74
669		71
670		278
671		248
672		375
673		539
674		318
675		559
676		558
677		185
678		585
679		290
680		384
681		47
682		507
683		576
684		78
685		106
686		117
687		100
688		303
689		759
690		542
691		52
692		1823
693		2000
694		695
695		1071
696		556
697		19
698		291
699		28
700		92
701		977
702		1471
703		848
704		121
705		262
706		304
707		267
708		624
709		153
710		795
711		797
712		835
713		117
714		183
715		65
716		91
717		213
718		51
719		356
720		474
721		154
722		181
723		163
724		996
725		132
726		363
727		223
728		29
729		535
730		382
731		317
732		686
733		459
734		222
735		1286
736		258
737		506
738		135
739		262
740		130
741		1212
742		522
743		3447
744		1435
745		491
746		148
747		385
748		223
749		241
750		1039
751		162
752		454
753		233
754		695
755		581
756		258
757		317
758		457
759		89
760		1953
761		76
762		591
763		2538
764		416
765		210
766		501
767		65
768		131
769		607
770		349
771		341
772		348
773		231
774		18
775		47
776		527
777		174
778		336
779		1413
780		427
781		379
782		376
783		269
784		53
785		49
786		333
787		233
788		569
789		59
790		510
791		819
792		470
793		63
794		283
795		459
796		91
797		57
798		363
799		43
800		954
801		686
802		879
803		655
804		67
805		221
806		546
807		784
808		561
809		409
810		1333
811		508
812		413
813		447
814		902
815		386
816		303
817		329
818		1030
819		483
820		634
821		88
822		18
823		422
824		427
825		124
826		267
827		358
828		234
829		5273
830		245
831		31
832		493
833		171
834		351
835		177
836		430
837		93
838		956
839		16
840		323
841		342
842		353
843		734
844		498
845		112
846		816
847		80
848		581
849		330
850		94
851		188
852		122
853		321
854		343
855		325
856		266
857		302
858		107
859		1259
860		27
861		703
862		293
863		685
864		163
865		316
866		169
867		1293
868		154
869		124
870		358
871		141
872		98
873		116
874		59
875		894
876		145
877		1320
878		337
879		471
880		269
881		481
882		775
883		163
884		326
885		224
886		2068
887		248
888		136
889		322
890		196
891		228
892		514
893		586
894		158
895		18
896		131
897		66
898		91
899		69
900		172
901		109
902		475
903		267
904		790
905		321
906		269
907		42
908		636
909		835
910		279
911		596
912		1642
913		391
914		677
915		136
916		898
917		673
918		959
919		198
920		393
921		136
922		150
923		562
924		34
925		320
926		522
927		273
928		882
929		776
930		538
931		132
932		66
933		2072
934		532
935		672
936		366
937		654
938		1102
939		86
940		473
941		1666
942		248
943		39
944		95
945		610
946		294
947		873
948		323
949		730
950		99
951		35
952		289
953		541
954		477
955		65
956		421
957		238
958		157
959		307
960		290
961		82
962		1504
963		77
964		246
965		234
966		101
967		541
968		951
969		68
970		253
971		518
972		1180
973		244
974		161
975		139
976		167
977		144
978		263
979		537
980		38
981		214
982		292
983		1037
984		62
985		936
986		263
987		1021
988		698
989		493
990		636
991		58
992		488
993		73
994		607
995		284
996		1360
997		43
998		462
999		548
1000		31
1001		515
1002		42
1003		43
1004		1846
1005		59
1006		687
1007		715
1008		356
1009		338
1010		243
1011		650
1012		334
1013		117
1014		71
1015		1273
1016		576
1017		613
1018		185
1019		304
1020		62
1021		27
1022		1704
1023		1160
1024		1074
1025		900
1026		1180
1027		477
1028		67
1029		305
1030		2656
1031		152
1032		158
1033		325
1034		866
1035		775
1036		40
1037		60
1038		182
1039		455
1040		536
1041		424
1042		30
1043		558
1044		216
1045		439
1046		1503
1047		895
1048		169
1049		588
1050		196
1051		1214
1052		380
1053		485
1054		33
1055		119
1056		812
1057		297
1058		37
1059		219
1060		218
1061		486
1062		137
1063		496
1064		1045
1065		764
1066		1056
1067		110
1068		345
1069		232
1070		337
1071		964
1072		75
1073		153
1074		909
1075		187
1076		174
1077		299
1078		517
1079		221
1080		621
1081		765
1082		153
1083		40
1084		634
1085		589
1086		340
1087		810
1088		391
1089		357
1090		273
1091		1186
1092		235
1093		401
1094		347
1095		257
1096		99
1097		100
1098		136
1099		201
1100		421
1101		339
1102		224
1103		303
1104		172
1105		715
1106		634
1107		120
1108		475
1109		24
1110		1483
1111		355
1112		25
1113		656
1114		1772
1115		755
1116		465
1117		325
1118		1011
1119		775
1120		179
1121		501
1122		608
1123		219
1124		889
1125		843
1126		193
1127		82
1128		686
1129		163
1130		109
1131		203
1132		227
1133		393
1134		70
1135		265
1136		65
1137		596
1138		922
1139		760
1140		228
1141		424
1142		722
1143		82
1144		454
1145		626
1146		237
1147		798
1148		147
1149		1161
1150		524
1151		170
1152		132
1153		66
1154		494
1155		105
1156		487
1157		218
1158		377
1159		509
1160		60
1161		59
1162		1041
1163		575
1164		1012
1165		153
1166		506
1167		102
1168		436
1169		314
1170		376
1171		230
1172		647
1173		1175
1174		105
1175		394
1176		191
1177		50
1178		237
1179		185
1180		236
1181		142
1182		98
1183		33
1184		1446
1185		339
1186		132
1187		47
1188		238
1189		532
1190		360
1191		662
1192		1242
1193		310
1194		51
1195		1173
1196		102
1197		118
1198		207
1199		2266
1200		95
1201		281
1202		49
1203		970
1204		287
1205		919
1206		204
1207		533
1208		108
1209		101
1210		122
1211		163
1212		2122
1213		262
1214		87
1215		430
1216		195
1217		796
1218		1283
1219		413
1220		130
1221		185
1222		146
1223		1024
1224		669
1225		1721
1226		570
1227		611
1228		600
1229		298
1230		400
1231		676
1232		411
1233		814
1234		550
1235		363
1236		26
1237		581
1238		928
1239		470
1240		615
1241		384
1242		1128
1243		288
1244		29
1245		704
1246		152
1247		1854
1248		1195
1249		292
1250		1203
1251		339
1252		731
1253		553
1254		121
1255		1783
1256		269
1257		133
1258		61
1259		275
1260		634
1261		714
1262		654
1263		241
1264		128
1265		1581
1266		34
1267		430
1268		298
1269		190
1270		30
1271		42
1272		334
1273		246
1274		426
1275		115
1276		52
1277		650
1278		811
1279		518
1280		259
1281		76
1282		353
1283		221
1284		514
1285		134
1286		372
1287		443
1288		228
1289		36
1290		810
1291		259
1292		1001
1293		869
1294		1205
1295		1232
1296		536
1297		211
1298		17
1299		37
1300		1032
1301		448
1302		427
1303		228
1304		315
1305		340
1306		854
1307		75
1308		1093
1309		151
1310		50
1311		868
1312		232
1313		36
1314		507
1315		962
1316		44
1317		226
1318		103
1319		142
1320		682
1321		85
1322		957
1323		170
1324		430
1325		1496
1326		553
1327		171
1328		339
1329		172
1330		350
1331		165
1332		437
1333		3379
1334		286
1335		219
1336		876
1337		391
1338		598
1339		276
1340		170
1341		196
1342		321
1343		472
1344		202
1345		1181
1346		640
1347		706
1348		441
1349		659
1350		858
1351		593
1352		194
1353		63
1354		662
1355		190
1356		414
1357		44
1358		229
1359		121
1360		406
1361		48
1362		169
1363		856
1364		322
1365		421
1366		40
1367		268
1368		917
1369		213
1370		765
1371		343
1372		82
1373		434
1374		261
1375		208
1376		49
1377		1071
1378		445
1379		256
1380		383
1381		235
1382		64
1383		625
1384		1820
1385		1785
1386		212
1387		189
1388		568
1389		465
1390		559
1391		326
1392		526
1393		673
1394		2513
1395		559
1396		225
1397		145
1398		1454
1399		1445
1400		156
1401		296
1402		261
1403		149
1404		396
1405		460
1406		467
1407		504
1408		165
1409		882
1410		268
1411		1755
1412		606
1413		1728
1414		817
1415		170
1416		96
1417		373
1418		630
1419		342
1420		190
1421		761
1422		349
1423		414
1424		89
1425		218
1426		72
1427		174
1428		96
1429		645
1430		1410
1431		105
1432		518
1433		126
1434		138
1435		380
1436		48
1437		139
1438		221
1439		201
1440		108
1441		114
1442		119
1443		480
1444		34
1445		394
1446		504
1447		264
1448		75
1449		884
1450		418
1451		572
1452		83
1453		372
1454		73
1455		469
1456		722
1457		579
1458		187
1459		119
1460		47
1461		61
1462		189
1463		504
1464		320
1465		63
1466		48
1467		220
1468		147
1469		714
1470		1659
1471		738
1472		149
1473		115
1474		1025
1475		131
1476		981
1477		57
1478		608
1479		229
1480		60
1481		240
1482		1564
1483		777
1484		720
1485		449
1486		2008
1487		261
1488		860
1489		583
1490		2179
1491		143
1492		361
1493		524
1494		437
1495		307
1496		514
1497		586
1498		1755
1499		84
1500		275
1501		1467
1502		112
1503		399
1504		117
1505		301
1506		68
1507		768
1508		655
1509		210
1510		87
1511		19
1512		33
1513		750
1514		521
1515		57
1516		144
1517		755
1518		324
1519		43
1520		51
1521		137
1522		39
1523		384
1524		1238
1525		95
1526		766
1527		192
1528		42
1529		1382
1530		106
1531		662
1532		502
1533		307
1534		288
1535		161
1536		479
1537		204
1538		429
1539		535
1540		110
1541		106
1542		37
1543		592
1544		200
1545		693
1546		260
1547		1713
1548		515
1549		93
1550		56
1551		45
1552		34
1553		1465
1554		362
1555		66
1556		512
1557		318
1558		491
1559		277
1560		298
1561		451
1562		539
1563		966
1564		706
1565		42
1566		992
1567		550
1568		264
1569		364
1570		219
1571		450
1572		28
1573		348
1574		95
1575		421
1576		957
1577		598
1578		1292
1579		188
1580		334
1581		1549
1582		328
1583		42
1584		282
1585		53
1586		916
1587		307
1588		899
1589		582
1590		932
1591		459
1592		862
1593		282
1594		128
1595		156
1596		640
1597		1125
1598		52
1599		293
1600		132
1601		920
1602		339
1603		356
1604		565
1605		82
1606		109
1607		180
1608		2088
1609		1571
1610		68
1611		406
1612		80
1613		179
1614		554
1615		1485
1616		246
1617		356
1618		839
1619		383
1620		41
1621		152
1622		458
1623		1430
1624		67
1625		127
1626		1631
1627		524
1628		759
1629		286
1630		140
1631		44
1632		445
1633		1060
1634		30
1635		298
1636		141
1637		215
1638		943
1639		381
1640		200
1641		411
1642		640
1643		173
1644		393
1645		348
1646		85
1647		254
1648		89
1649		181
1650		189
1651		198
1652		457
1653		523
1654		711
1655		1876
1656		323
1657		615
1658		503
1659		655
1660		180
1661		797
1662		513
1663		455
1664		413
1665		300
1666		1160
1667		497
1668		77
1669		2214
1670		362
1671		800
1672		1140
1673		110
1674		170
1675		119
1676		283
1677		37
1678		1320
1679		143
1680		405
1681		299
1682		330
1683		298
1684		77
1685		111
1686		460
1687		152
1688		277
1689		319
1690		996
1691		852
1692		161
1693		618
1694		211
1695		3045
1696		1261
1697		526
1698		1001
1699		506
1700		953
1701		256
1702		356
1703		310
1704		215
1705		308
1706		774
1707		161
1708		134
1709		55
1710		83
1711		653
1712		628
1713		234
1714		318
1715		234
1716		310
1717		259
1718		162
1719		406
1720		926
1721		352
1722		841
1723		380
1724		1320
1725		88
1726		670
1727		151
1728		1057
1729		158
1730		326
1731		324
1732		242
1733		977
1734		339
1735		534
1736		281
1737		259
1738		323
1739		393
1740		465
1741		145
1742		276
1743		143
1744		854
1745		450
1746		971
1747		1230
1748		618
1749		268
1750		369
1751		475
1752		790
1753		376
1754		75
1755		257
1756		469
1757		320
1758		404
1759		396
1760		186
1761		595
1762		271
1763		1084
1764		254
1765		161
1766		83
1767		1094
1768		42
1769		873
1770		589
1771		486
1772		157
1773		130
1774		940
1775		385
1776		246
1777		182
1778		132
1779		699
1780		226
1781		50
1782		541
1783		50
1784		196
1785		228
1786		2078
1787		563
1788		453
1789		164
1790		46
1791		292
1792		454
1793		215
1794		387
1795		53
1796		245
1797		71
1798		562
1799		106
1800		222
1801		217
1802		85
1803		578
1804		862
1805		440
1806		823
1807		163
1808		159
1809		253
1810		54
1811		177
1812		270
1813		106
1814		808
1815		676
1816		496
1817		1922
1818		442
1819		545
1820		207
1821		146
1822		1076
1823		987
1824		439
1825		875
1826		167
1827		105
1828		499
1829		900
1830		1231
1831		1590
1832		535
1833		499
1834		710
1835		235
1836		1743
1837		1407
1838		884
1839		1211
1840		897
1841		152
1842		387
1843		144
1844		117
1845		933
1846		97
1847		208
1848		299
1849		1378
1850		351
1851		183
1852		334
1853		433
1854		863
1855		577
1856		149
1857		684
1858		135
1859		139
1860		1289
1861		575
1862		218
1863		42
1864		215
1865		208
1866		1283
1867		149
1868		614
1869		365
1870		142
1871		152
1872		158
1873		69
1874		1307
1875		377
1876		122
1877		764
1878		64
1879		98
1880		328
1881		634
1882		453
1883		341
1884		483
1885		298
1886		605
1887		107
1888		113
1889		799
1890		228
1891		80
1892		2291
1893		1407
1894		48
1895		669
1896		631
1897		430
1898		281
1899		427
1900		53
1901		171
1902		1022
1903		194
1904		273
1905		465
1906		107
1907		435
1908		99
1909		535
1910		204
1911		133
1912		780
1913		776
1914		40
1915		763
1916		499
1917		116
1918		139
1919		431
1920		1392
1921		435
1922		307
1923		484
1924		952
1925		144
1926		318
1927		1483
1928		637
1929		127
1930		295
1931		1085
1932		884
1933		167
1934		206
1935		2448
1936		843
1937		149
1938		770
1939		517
1940		264
1941		256
1942		234
1943		479
1944		558
1945		675
1946		723
1947		639
1948		394
1949		233
1950		168
1951		1260
1952		761
1953		1047
1954		757
1955		474
1956		642
1957		98
1958		188
1959		533
1960		15
1961		243
1962		355
1963		461
1964		203
1965		40
1966		402
1967		368
1968		556
1969		65
1970		406
1971		830
1972		350
1973		766
1974		84
1975		38
1976		1034
1977		786
1978		309
1979		1518
1980		1386
1981		596
1982		288
1983		657
1984		972
1985		382
1986		203
1987		377
1988		972
1989		628
1990		540
1991		163
1992		1304
1993		217
1994		65
1995		802
1996		102
1997		798
1998		502
1999		949
2000		135
2001		286
2002		623
2003		420
2004		1236
2005		1841
2006		1302
2007		358
2008		89
2009		199
2010		81
2011		386
2012		918
2013		561
2014		241
2015		566
2016		639
2017		649
2018		327
2019		713
2020		266
2021		498
2022		471
2023		327
2024		136
2025		1166
2026		72
2027		329
2028		141
2029		2227
2030		366
2031		102
2032		50
2033		1231
2034		133
2035		1014
2036		147
2037		80
2038		67
2039		677
2040		100
2041		2612
2042		29
2043		1052
2044		571
2045		652
2046		368
2047		553
2048		1623
2049		544
2050		338
2051		174
2052		1154
2053		532
2054		505
2055		749
2056		106
2057		857
2058		305
2059		1287
2060		642
2061		1449
2062		366
2063		1122
2064		59
2065		98
2066		32
2067		734
2068		1581
2069		169
2070		131
2071		101
2072		142
2073		2640
2074		30
2075		701
2076		79
2077		461
2078		723
2079		527
2080		71
2081		251
2082		232
2083		1239
2084		422
2085		354
2086		340
2087		831
2088		666
2089		573
2090		665
2091		439
2092		58
2093		410
2094		89
2095		153
2096		300
2097		422
2098		396
2099		205
2100		299
2101		584
2102		817
2103		515
2104		837
2105		36
2106		579
2107		645
2108		1120
2109		378
2110		1096
2111		345
2112		1121
2113		387
2114		359
2115		797
2116		578
2117		553
2118		556
2119		1082
2120		210
2121		837
2122		556
2123		1972
2124		1147
2125		93
2126		37
2127		428
2128		136
2129		455
2130		1088
2131		237
2132		357
2133		573
2134		232
2135		111
2136		252
2137		69
2138		1430
2139		257
2140		1068
2141		554
2142		458
2143		218
2144		425
2145		1184
2146		132
2147		43
2148		86
2149		697
2150		163
2151		974
2152		179
2153		865
2154		153
2155		69
2156		177
2157		114
2158		1067
2159		20
2160		728
2161		767
2162		250
2163		512
2164		263
2165		1442
2166		197
2167		293
2168		317
2169		455
2170		509
2171		319
2172		722
2173		1856
2174		157
2175		223
2176		392
2177		538
2178		21
2179		89
2180		700
2181		193
2182		149
2183		330
2184		42
2185		412
2186		1293
2187		34
2188		554
2189		617
2190		391
2191		51
2192		62
2193		236
2194		1090
2195		952
2196		81
2197		45
2198		190
2199		186
2200		4232
2201		580
2202		1913
2203		291
2204		100
2205		120
2206		952
2207		510
2208		183
2209		269
2210		282
2211		765
2212		545
2213		521
2214		55
2215		9
2216		676
2217		110
2218		465
2219		41
2220		634
2221		1463
2222		123
2223		597
2224		276
2225		788
2226		321
2227		77
2228		1478
2229		720
2230		134
2231		990
2232		290
2233		765
2234		411
2235		139
2236		106
2237		494
2238		321
2239		760
2240		67
2241		746
2242		212
2243		90
2244		236
2245		407
2246		1166
2247		347
2248		1083
2249		141
2250		187
2251		401
2252		399
2253		194
2254		660
2255		161
2256		262
2257		332
2258		72
2259		157
2260		52
2261		221
2262		633
2263		59
2264		123
2265		189
2266		1469
2267		255
2268		553
2269		658
2270		152
2271		287
2272		386
2273		544
2274		1151
2275		349
2276		802
2277		60
2278		877
2279		329
2280		177
2281		170
2282		347
2283		1489
2284		317
2285		453
2286		898
2287		431
2288		124
2289		480
2290		132
2291		819
2292		612
2293		373
2294		144
2295		232
2296		441
2297		42
2298		458
2299		322
2300		859
2301		554
2302		248
2303		1141
2304		734
2305		146
2306		363
2307		146
2308		76
2309		876
2310		306
2311		74
2312		317
2313		797
2314		558
2315		154
2316		646
2317		322
2318		693
2319		50
2320		543
2321		2076
2322		629
2323		34
2324		470
2325		221
2326		44
2327		206
2328		380
2329		430
2330		112
2331		372
2332		614
2333		313
2334		450
2335		849
2336		516
2337		199
2338		1098
2339		126
2340		142
2341		60
2342		90
2343		2015
2344		539
2345		103
2346		984
2347		251
2348		225
2349		83
2350		785
2351		39
2352		274
2353		176
2354		80
2355		208
2356		333
2357		159
2358		1039
2359		1126
2360		421
2361		319
2362		106
2363		206
2364		65
2365		43
2366		2043
2367		77
2368		241
2369		407
2370		86
2371		586
2372		46
2373		839
2374		172
2375		100
2376		281
2377		455
2378		40
2379		136
2380		260
2381		200
2382		373
2383		345
2384		376
2385		69
2386		239
2387		171
2388		1220
2389		280
2390		938
2391		312
2392		149
2393		624
2394		172
2395		121
2396		1196
2397		1056
2398		298
2399		62
2400		283
2401		257
2402		72
2403		54
2404		104
2405		296
2406		258
2407		133
2408		226
2409		356
2410		268
2411		223
2412		42
2413		355
2414		81
2415		262
2416		553
2417		296
2418		1118
2419		183
2420		554
2421		67
2422		930
2423		459
2424		69
2425		1520
2426		185
2427		819
2428		310
2429		690
2430		480
2431		649
2432		474
2433		682
2434		155
2435		411
2436		131
2437		177
2438		396
2439		252
2440		312
2441		146
2442		85
2443		154
2444		279
2445		450
2446		223
2447		610
2448		1190
2449		1064
2450		324
2451		256
2452		816
2453		449
2454		2265
2455		1014
2456		256
2457		545
2458		437
2459		365
2460		279
2461		424
2462		1324
2463		979
2464		152
2465		110
2466		426
2467		1085
2468		753
2469		1507
2470		115
2471		172
2472		187
2473		491
2474		1881
2475		447
2476		255
2477		138
2478		165
2479		2243
2480		331
2481		1261
2482		261
2483		310
2484		1180
2485		169
2486		259
2487		227
2488		1536
2489		80
2490		143
2491		970
2492		25
2493		411
2494		396
2495		712
2496		1163
2497		1301
2498		14
2499		133
2500		1768
2501		54
2502		662
2503		270
2504		87
2505		516
2506		128
2507		400
2508		894
2509		61
2510		34
2511		927
2512		528
2513		530
2514		435
2515		298
2516		135
2517		518
2518		143
2519		721
2520		165
2521		645
2522		1851
2523		280
2524		903
2525		477
2526		15
2527		106
2528		38
2529		201
2530		425
2531		1025
2532		157
2533		300
2534		597
2535		454
2536		230
2537		348
2538		494
2539		1341
2540		713
2541		359
2542		489
2543		734
2544		267
2545		288
2546		601
2547		215
2548		648
2549		23
2550		363
2551		855
2552		505
2553		2266
2554		133
2555		530
2556		78
2557		191
2558		715
2559		868
2560		275
2561		313
2562		192
2563		705
2564		538
2565		125
2566		488
2567		85
2568		42
2569		104
2570		96
2571		273
2572		181
2573		26
2574		398
2575		46
2576		392
2577		1002
2578		116
2579		406
2580		111
2581		35
2582		1059
2583		316
2584		400
2585		771
2586		241
2587		1177
2588		357
2589		89
2590		874
2591		478
2592		136
2593		228
2594		31
2595		258
2596		242
2597		932
2598		526
2599		102
2600		924
2601		154
2602		101
2603		1009
2604		696
2605		180
2606		80
2607		454
2608		1044
2609		1163
2610		54
2611		1066
2612		235
2613		500
2614		58
2615		364
2616		181
2617		87
2618		42
2619		337
2620		890
2621		31
2622		458
2623		1361
2624		149
2625		280
2626		228
2627		344
2628		718
2629		181
2630		1273
2631		296
2632		149
2633		868
2634		408
2635		402
2636		349
2637		281
2638		241
2639		381
2640		342
2641		57
2642		143
2643		535
2644		330
2645		90
2646		231
2647		40
2648		331
2649		123
2650		312
2651		713
2652		772
2653		690
2654		1271
2655		988
2656		1493
2657		79
2658		578
2659		419
2660		1216
2661		193
2662		1107
2663		50
2664		185
2665		685
2666		304
2667		96
2668		120
2669		356
2670		279
2671		334
2672		215
2673		396
2674		650
2675		42
2676		199
2677		447
2678		283
2679		878
2680		841
2681		962
2682		730
2683		474
2684		171
2685		82
2686		431
2687		1193
2688		284
2689		338
2690		154
2691		243
2692		831
2693		229
2694		681
2695		340
2696		1142
2697		465
2698		362
2699		122
2700		797
2701		134
2702		437
2703		181
2704		468
2705		609
2706		871
2707		610
2708		383
2709		938
2710		436
2711		623
2712		628
2713		693
2714		244
2715		826
2716		176
2717		1242
2718		527
2719		883
2720		131
2721		312
2722		710
2723		962
2724		489
2725		91
2726		548
2727		167
2728		71
2729		75
2730		187
2731		371
2732		54
2733		683
2734		701
2735		379
2736		246
2737		645
2738		1520
2739		1390
2740		619
2741		995
2742		311
2743		535
2744		183
2745		419
2746		665
2747		946
2748		1759
2749		214
2750		737
2751		780
2752		599
2753		1793
2754		405
2755		616
2756		635
2757		714
2758		1148
2759		44
2760		392
2761		191
2762		181
2763		292
2764		369
2765		866
2766		333
2767		331
2768		329
2769		1047
2770		274
2771		2170
2772		208
2773		127
2774		1343
2775		660
2776		363
2777		162
2778		120
2779		202
2780		1463
2781		192
2782		831
2783		105
2784		289
2785		79
2786		97
2787		1292
2788		157
2789		64
2790		73
2791		255
2792		110
2793		694
2794		97
2795		254
2796		124
2797		426
2798		1288
2799		387
2800		675
2801		2882
2802		160
2803		135
2804		512
2805		575
2806		546
2807		267
2808		444
2809		194
2810		444
2811		299
2812		761
2813		1920
2814		73
2815		664
2816		1175
2817		41
2818		305
2819		136
2820		402
2821		47
2822		1057
2823		116
2824		100
2825		771
2826		588
2827		30
2828		392
2829		230
2830		348
2831		329
2832		287
2833		63
2834		78
2835		634
2836		440
2837		220
2838		104
2839		345
2840		168
2841		55
2842		871
2843		511
2844		29
2845		1618
2846		1334
2847		348
2848		582
2849		216
2850		748
2851		497
2852		537
2853		125
2854		1225
2855		558
2856		746
2857		201
2858		723
2859		812
2860		487
2861		349
2862		260
2863		456
2864		49
2865		220
2866		797
2867		136
2868		2466
2869		331
2870		503
2871		486
2872		196
2873		1023
2874		75
2875		503
2876		729
2877		693
2878		691
2879		261
2880		98
2881		1251
2882		72
2883		710
2884		381
2885		392
2886		376
2887		100
2888		99
2889		33
2890		78
2891		1820
2892		299
2893		20
2894		172
2895		612
2896		257
2897		336
2898		843
2899		131
2900		516
2901		367
2902		77
2903		636
2904		1137
2905		472
2906		430
2907		496
2908		828
2909		506
2910		442
2911		167
2912		555
2913		388
2914		386
2915		521
2916		188
2917		67
2918		454
2919		1154
2920		302
2921		206
2922		492
2923		960
2924		1218
2925		369
2926		1155
2927		416
2928		1870
2929		1632
2930		1395
2931		85
2932		1172
2933		40
2934		111
2935		324
2936		144
2937		110
2938		181
2939		57
2940		1373
2941		931
2942		181
2943		955
2944		260
2945		294
2946		309
2947		211
2948		569
2949		226
2950		154
2951		1057
2952		419
2953		675
2954		210
2955		434
2956		856
2957		1173
2958		220
2959		180
2960		632
2961		209
2962		671
2963		462
2964		205
2965		1101
2966		35
2967		443
2968		1513
2969		528
2970		263
2971		539
2972		332
2973		236
2974		72
2975		890
2976		52
2977		662
2978		153
2979		367
2980		415
2981		757
2982		587
2983		71
2984		1244
2985		144
2986		618
2987		766
2988		779
2989		960
2990		1468
2991		234
2992		229
2993		1275
2994		65
2995		380
2996		419
2997		169
2998		1103
2999		574
3000		859
3001		101
3002		923
3003		183
3004		241
3005		29
3006		303
3007		591
3008		1245
3009		835
3010		1014
3011		394
3012		753
3013		768
3014		692
3015		95
3016		47
3017		560
3018		238
3019		397
3020		235
3021		289
3022		366
3023		315
3024		44
3025		30
3026		55
3027		1908
3028		66
3029		36
3030		427
3031		371
3032		345
3033		452
3034		48
3035		1361
3036		124
3037		1386
3038		265
3039		62
3040		428
3041		282
3042		147
3043		47
3044		163
3045		578
3046		282
3047		742
3048		212
3049		237
3050		439
3051		444
3052		142
3053		61
3054		249
3055		211
3056		107
3057		189
3058		809
3059		261
3060		303
3061		103
3062		705
3063		1278
3064		2014
3065		998
3066		123
3067		428
3068		583
3069		810
3070		373
3071		51
3072		877
3073		53
3074		220
3075		138
3076		400
3077		32
3078		458
3079		99
3080		61
3081		215
3082		3581
3083		909
3084		207
3085		473
3086		110
3087		85
3088		34
3089		661
3090		698
3091		522
3092		867
3093		856
3094		90
3095		917
3096		344
3097		312
3098		495
3099		122
3100		481
3101		425
3102		1357
3103		1065
3104		411
3105		1978
3106		553
3107		1564
3108		450
3109		391
3110		373
3111		879
3112		427
3113		314
3114		240
3115		345
3116		524
3117		21
3118		472
3119		423
3120		213
3121		755
3122		152
3123		586
3124		110
3125		585
3126		77
3127		280
3128		167
3129		30
3130		656
3131		142
3132		412
3133		226
3134		387
3135		219
3136		105
3137		648
3138		213
3139		365
3140		433
3141		254
3142		102
3143		183
3144		555
3145		67
3146		223
3147		1022
3148		1442
3149		147
3150		807
3151		871
3152		123
3153		984
3154		1072
3155		506
3156		189
3157		309
3158		499
3159		418
3160		684
3161		1304
3162		32
3163		529
3164		2403
3165		361
3166		867
3167		1103
3168		157
3169		26
3170		174
3171		896
3172		311
3173		226
3174		230
3175		460
3176		596
3177		42
3178		63
3179		616
3180		1550
3181		144
3182		317
3183		111
3184		260
3185		719
3186		272
3187		25
3188		403
3189		354
3190		382
3191		306
3192		1036
3193		42
3194		246
3195		55
3196		458
3197		437
3198		737
3199		699
3200		454
3201		428
3202		709
3203		767
3204		908
3205		930
3206		337
3207		545
3208		960
3209		504
3210		319
3211		90
3212		247
3213		744
3214		180
3215		1071
3216		85
3217		854
3218		245
3219		494
3220		100
3221		281
3222		94
3223		276
3224		127
3225		189
3226		1461
3227		330
3228		463
3229		799
3230		677
3231		118
3232		535
3233		215
3234		1046
3235		332
3236		48
3237		605
3238		392
3239		282
3240		89
3241		36
3242		568
3243		468
3244		68
3245		1240
3246		156
3247		77
3248		444
3249		937
3250		378
3251		519
3252		451
3253		318
3254		194
3255		536
3256		493
3257		440
3258		314
3259		124
3260		655
3261		33
3262		320
3263		176
3264		864
3265		265
3266		688
3267		873
3268		688
3269		343
3270		318
3271		374
3272		794
3273		273
3274		83
3275		844
3276		469
3277		631
3278		1702
3279		586
3280		269
3281		783
3282		697
3283		57
3284		944
3285		396
3286		684
3287		1224
3288		32
3289		418
3290		266
3291		94
3292		481
3293		1431
3294		580
3295		135
3296		377
3297		528
3298		200
3299		216
3300		616
3301		436
3302		191
3303		393
3304		210
3305		397
3306		227
3307		705
3308		1342
3309		59
3310		87
3311		257
3312		818
3313		159
3314		684
3315		387
3316		755
3317		165
3318		490
3319		1289
3320		505
3321		55
3322		416
3323		740
3324		289
3325		558
3326		157
3327		341
3328		108
3329		440
3330		415
3331		253
3332		555
3333		230
3334		91
3335		375
3336		428
3337		1016
3338		308
3339		181
3340		382
3341		107
3342		204
3343		78
3344		174
3345		696
3346		166
3347		121
3348		294
3349		281
3350		766
3351		46
3352		1313
3353		38
3354		971
3355		701
3356		160
3357		525
3358		549
3359		451
3360		262
3361		79
3362		350
3363		438
3364		751
3365		519
3366		459
3367		125
3368		1020
3369		996
3370		266
3371		224
3372		297
3373		310
3374		343
3375		539
3376		253
3377		591
3378		53
3379		84
3380		266
3381		140
3382		860
3383		161
3384		488
3385		737
3386		195
3387		129
3388		193
3389		34
3390		41
3391		385
3392		546
3393		36
3394		506
3395		1317
3396		32
3397		1292
3398		226
3399		1100
3400		1643
3401		469
3402		782
3403		751
3404		1032
3405		1102
3406		164
3407		2322
3408		532
3409		55
3410		56
3411		1381
3412		366
3413		86
3414		1504
3415		695
3416		232
3417		180
3418		312
3419		1816
3420		489
3421		345
3422		246
3423		356
3424		462
3425		498
3426		666
3427		50
3428		438
3429		524
3430		3532
3431		449
3432		301
3433		97
3434		1140
3435		112
3436		398
3437		1578
3438		430
3439		193
3440		271
3441		637
3442		118
3443		67
3444		96
3445		854
3446		230
3447		208
3448		68
3449		63
3450		119
3451		433
3452		117
3453		558
3454		288
3455		112
3456		877
3457		166
3458		233
3459		904
3460		1097
3461		1178
3462		167
3463		983
3464		245
3465		1933
3466		55
3467		1590
3468		196
3469		1241
3470		318
3471		262
3472		322
3473		34
3474		688
3475		623
3476		92
3477		246
3478		522
3479		179
3480		1373
3481		445
3482		169
3483		534
3484		98
3485		234
3486		80
3487		128
3488		237
3489		34
3490		86
3491		547
3492		128
3493		398
3494		463
3495		463
3496		391
3497		530
3498		625
3499		104
3500		61
3501		592
3502		335
3503		241
3504		60
3505		22
3506		156
3507		429
3508		583
3509		230
3510		490
3511		783
3512		212
3513		183
3514		244
3515		1523
3516		77
3517		452
3518		1349
3519		941
3520		351
3521		1164
3522		63
3523		347
3524		467
3525		139
3526		400
3527		241
3528		31
3529		91
3530		57
3531		127
3532		1176
3533		976
3534		23
3535		47
3536		30
3537		820
3538		69
3539		33
3540		241
3541		1061
3542		97
3543		68
3544		353
3545		276
3546		198
3547		151
3548		246
3549		564
3550		202
3551		650
3552		1005
3553		59
3554		257
3555		66
3556		1609
3557		653
3558		346
3559		825
3560		206
3561		230
3562		357
3563		132
3564		220
3565		541
3566		43
3567		601
3568		62
3569		1101
3570		297
3571		256
3572		655
3573		251
3574		1786
3575		1042
3576		139
3577		61
3578		212
3579		197
3580		326
3581		690
3582		896
3583		539
3584		280
3585		314
3586		291
3587		66
3588		466
3589		678
3590		125
3591		486
3592		86
3593		333
3594		805
3595		52
3596		160
3597		79
3598		61
3599		172
3600		74
3601		238
3602		471
3603		136
3604		35
3605		831
3606		339
3607		105
3608		706
3609		451
3610		296
3611		227
3612		365
3613		400
3614		80
3615		1540
3616		117
3617		384
3618		685
3619		150
3620		119
3621		218
3622		709
3623		454
3624		60
3625		1751
3626		647
3627		314
3628		405
3629		205
3630		561
3631		1175
3632		264
3633		1704
3634		975
3635		157
3636		952
3637		438
3638		571
3639		32
3640		54
3641		253
3642		46
3643		269
3644		1207
3645		1338
3646		219
3647		694
3648		826
3649		122
3650		860
3651		190
3652		40
3653		45
3654		300
3655		180
3656		158
3657		292
3658		367
3659		160
3660		161
3661		160
3662		340
3663		989
3664		214
3665		145
3666		77
3667		374
3668		728
3669		49
3670		218
3671		69
3672		146
3673		83
3674		131
3675		45
3676		630
3677		239
3678		89
3679		563
3680		40
3681		871
3682		97
3683		47
3684		1545
3685		387
3686		249
3687		85
3688		307
3689		1524
3690		301
3691		507
3692		322
3693		262
3694		1147
3695		558
3696		28
3697		77
3698		88
3699		420
3700		274
3701		274
3702		78
3703		418
3704		814
3705		224
3706		418
3707		509
3708		479
3709		62
3710		148
3711		1162
3712		243
3713		1870
3714		223
3715		404
3716		70
3717		166
3718		442
3719		444
3720		98
3721		248
3722		274
3723		23
3724		1339
3725		552
3726		102
3727		541
3728		691
3729		83
3730		320
3731		444
3732		310
3733		487
3734		517
3735		195
3736		170
3737		257
3738		1226
3739		56
3740		1174
3741		664
3742		348
3743		301
3744		757
3745		278
3746		147
3747		2153
3748		239
3749		182
3750		77
3751		303
3752		592
3753		576
3754		412
3755		140
3756		2832
3757		376
3758		177
3759		68
3760		30
3761		492
3762		52
3763		308
3764		219
3765		1061
3766		511
3767		53
3768		208
3769		134
3770		1423
3771		839
3772		814
3773		347
3774		68
3775		377
3776		130
3777		1020
3778		73
3779		209
3780		443
3781		296
3782		1421
3783		373
3784		629
3785		350
3786		78
3787		224
3788		111
3789		728
3790		161
3791		162
3792		62
3793		3093
3794		161
3795		41
3796		348
3797		251
3798		39
3799		260
3800		1730
3801		172
3802		114
3803		902
3804		212
3805		268
3806		69
3807		37
3808		95
3809		1209
3810		1182
3811		1001
3812		22
3813		236
3814		112
3815		31
3816		784
3817		47
3818		546
3819		1187
3820		50
3821		278
3822		293
3823		240
3824		869
3825		601
3826		152
3827		137
3828		49
3829		636
3830		547
3831		177
3832		739
3833		335
3834		390
3835		509
3836		252
3837		364
3838		107
3839		1305
3840		202
3841		841
3842		503
3843		285
3844		796
3845		141
3846		215
3847		730
3848		714
3849		218
3850		46
3851		924
3852		190
3853		178
3854		221
3855		764
3856		81
3857		202
3858		45
3859		328
3860		177
3861		767
3862		471
3863		240
3864		103
3865		1005
3866		1433
3867		1118
3868		38
3869		694
3870		532
3871		1336
3872		978
3873		486
3874		103
3875		216
3876		220
3877		1593
3878		818
3879		772
3880		706
3881		37
3882		618
3883		53
3884		229
3885		993
3886		748
3887		357
3888		150
3889		497
3890		203
3891		421
3892		149
3893		352
3894		122
3895		43
3896		748
3897		523
3898		132
3899		474
3900		360
3901		845
3902		910
3903		541
3904		542
3905		42
3906		155
3907		54
3908		425
3909		628
3910		43
3911		850
3912		970
3913		667
3914		259
3915		520
3916		307
3917		318
3918		192
3919		178
3920		189
3921		42
3922		81
3923		254
3924		128
3925		546
3926		43
3927		65
3928		53
3929		53
3930		1190
3931		404
3932		31
3933		113
3934		889
3935		76
3936		847
3937		491
3938		339
3939		635
3940		287
3941		594
3942		536
3943		705
3944		649
3945		175
3946		886
3947		241
3948		487
3949		187
3950		42
3951		271
3952		466
3953		1288
3954		627
3955		117
3956		713
3957		181
3958		487
3959		1189
3960		237
3961		555
3962		565
3963		128
3964		1887
3965		284
3966		738
3967		299
3968		214
3969		764
3970		202
3971		131
3972		201
3973		491
3974		468
3975		291
3976		1115
3977		136
3978		869
3979		376
3980		137
3981		167
3982		1061
3983		995
3984		319
3985		40
3986		645
3987		339
3988		516
3989		189
3990		92
3991		522
3992		1213
3993		53
3994		308
3995		150
3996		905
3997		824
3998		113
3999		44
4000		62
4001		1563
4002		364
4003		89
4004		376
4005		604
4006		444
4007		64
4008		460
4009		1119
4010		438
4011		516
4012		151
4013		410
4014		216
4015		30
4016		582
4017		1291
4018		67
4019		787
4020		602
4021		543
4022		368
4023		73
4024		163
4025		610
4026		158
4027		132
4028		163
4029		59
4030		1070
4031		1476
4032		149
4033		899
4034		118
4035		131
4036		934
4037		100
4038		239
4039		283
4040		68
4041		487
4042		114
4043		883
4044		184
4045		1571
4046		1094
4047		200
4048		904
4049		241
4050		344
4051		266
4052		474
4053		102
4054		371
4055		96
4056		103
4057		266
4058		984
4059		107
4060		717
4061		449
4062		249
4063		40
4064		258
4065		1138
4066		900
4067		228
4068		306
4069		91
4070		513
4071		26
4072		144
4073		154
4074		464
4075		264
4076		1164
4077		420
4078		253
4079		417
4080		742
4081		668
4082		558
4083		247
4084		310
4085		142
4086		449
4087		364
4088		572
4089		1741
4090		294
4091		802
4092		33
4093		121
4094		102
4095		354
4096		87
4097		488
4098		1159
4099		1164
4100		159
4101		460
4102		376
4103		326
4104		308
4105		789
4106		446
4107		697
4108		89
4109		133
4110		1057
4111		742
4112		225
4113		543
4114		245
4115		1171
4116		2032
4117		261
4118		1428
4119		63
4120		195
4121		661
4122		1025
4123		249
4124		110
4125		60
4126		130
4127		673
4128		236
4129		849
4130		685
4131		180
4132		1099
4133		533
4134		170
4135		130
4136		161
4137		530
4138		185
4139		711
4140		202
4141		355
4142		568
4143		306
4144		180
4145		41
4146		206
4147		355
4148		392
4149		600
4150		200
4151		516
4152		713
4153		529
4154		809
4155		146
4156		884
4157		344
4158		176
4159		40
4160		70
4161		188
4162		39
4163		53
4164		379
4165		1220
4166		190
4167		1235
4168		781
4169		272
4170		336
4171		1159
4172		1276
4173		133
4174		306
4175		268
4176		60
4177		132
4178		680
4179		517
4180		334
4181		893
4182		228
4183		694
4184		772
4185		186
4186		291
4187		616
4188		923
4189		30
4190		1195
4191		414
4192		514
4193		775
4194		120
4195		478
4196		266
4197		701
4198		470
4199		426
4200		49
4201		565
4202		332
4203		648
4204		252
4205		100
4206		762
4207		173
4208		36
4209		72
4210		561
4211		83
4212		139
4213		1083
4214		1542
4215		58
4216		930
4217		210
4218		215
4219		147
4220		65
4221		126
4222		653
4223		47
4224		1185
4225		433
4226		208
4227		699
4228		139
4229		767
4230		103
4231		1991
4232		271
4233		272
4234		720
4235		302
4236		85
4237		309
4238		63
4239		389
4240		257
4241		252
4242		1488
4243		892
4244		430
4245		473
4246		181
4247		216
4248		745
4249		344
4250		1070
4251		474
4252		225
4253		121
4254		272
4255		403
4256		388
4257		467
4258		683
4259		192
4260		196
4261		651
4262		450
4263		406
4264		554
4265		222
4266		116
4267		124
4268		108
4269		827
4270		50
4271		34
4272		123
4273		1530
4274		234
4275		667
4276		3642
4277		394
4278		247
4279		1010
4280		1561
4281		154
4282		1567
4283		680
4284		615
4285		404
4286		138
4287		801
4288		70
4289		82
4290		294
4291		159
4292		194
4293		199
4294		653
4295		846
4296		861
4297		203
4298		30
4299		202
4300		73
4301		690
4302		46
4303		84
4304		230
4305		487
4306		335
4307		255
4308		365
4309		51
4310		303
4311		62
4312		283
4313		132
4314		111
4315		655
4316		168
4317		58
4318		272
4319		2614
4320		333
4321		228
4322		562
4323		203
4324		815
4325		614
4326		1173
4327		92
4328		430
4329		267
4330		1157
4331		79
4332		116
4333		1386
4334		331
4335		365
4336		125
4337		1621
4338		71
4339		46
4340		886
4341		547
4342		66
4343		181
4344		696
4345		516
4346		768
4347		107
4348		1105
4349		763
4350		1248
4351		770
4352		677
4353		188
4354		665
4355		272
4356		120
4357		464
4358		2040
4359		383
4360		465
4361		254
4362		1345
4363		1312
4364		86
4365		638
4366		513
4367		1399
4368		298
4369		1915
4370		72
4371		120
4372		683
4373		734
4374		69
4375		214
4376		337
4377		463
4378		155
4379		699
4380		145
4381		113
4382		185
4383		460
4384		274
4385		36
4386		111
4387		134
4388		531
4389		1907
4390		113
4391		255
4392		271
4393		514
4394		87
4395		1078
4396		328
4397		754
4398		506
4399		83
4400		632
4401		61
4402		1044
4403		30
4404		919
4405		27
4406		1457
4407		999
4408		348
4409		653
4410		622
4411		53
4412		562
4413		938
4414		357
4415		336
4416		1238
4417		334
4418		127
4419		50
4420		671
4421		1949
4422		889
4423		577
4424		652
4425		525
4426		268
4427		211
4428		167
4429		529
4430		506
4431		729
4432		772
4433		445
4434		755
4435		267
4436		684
4437		717
4438		469
4439		142
4440		347
4441		296
4442		63
4443		46
4444		664
4445		261
4446		56
4447		52
4448		125
4449		232
4450		197
4451		294
4452		300
4453		98
4454		697
4455		222
4456		342
4457		702
4458		376
4459		236
4460		1125
4461		78
4462		51
4463		98
4464		114
4465		269
4466		848
4467		191
4468		411
4469		455
4470		80
4471		109
4472		477
4473		251
4474		504
4475		99
4476		403
4477		101
4478		251
4479		1086
4480		341
4481		462
4482		161
4483		573
4484		333
4485		879
4486		1197
4487		661
4488		351
4489		649
4490		227
4491		424
4492		244
4493		644
4494		673
4495		402
4496		663
4497		690
4498		49
4499		643
4500		105
4501		418
4502		354
4503		1487
4504		89
4505		150
4506		1139
4507		390
4508		43
4509		149
4510		105
4511		978
4512		93
4513		735
4514		1005
4515		526
4516		1145
4517		63
4518		445
4519		130
4520		310
4521		185
4522		632
4523		699
4524		1137
4525		260
4526		710
4527		450
4528		894
4529		274
4530		90
4531		298
4532		374
4533		130
4534		609
4535		2166
4536		163
4537		742
4538		287
4539		180
4540		267
4541		682
4542		672
4543		257
4544		49
4545		321
4546		71
4547		49
4548		249
4549		330
4550		1181
4551		194
4552		309
4553		1590
4554		1032
4555		76
4556		605
4557		446
4558		427
4559		682
4560		55
4561		166
4562		122
4563		251
4564		341
4565		357
4566		1011
4567		108
4568		395
4569		577
4570		941
4571		1050
4572		993
4573		372
4574		363
4575		398
4576		1130
4577		1474
4578		209
4579		58
4580		756
4581		1190
4582		1394
4583		284
4584		382
4585		790
4586		315
4587		177
4588		310
4589		346
4590		484
4591		819
4592		281
4593		390
4594		584
4595		141
4596		264
4597		353
4598		214
4599		287
4600		59
4601		314
4602		814
4603		425
4604		164
4605		1492
4606		130
4607		1202
4608		235
4609		338
4610		644
4611		23
4612		72
4613		776
4614		73
4615		59
4616		128
4617		766
4618		63
4619		233
4620		65
4621		764
4622		955
4623		505
4624		520
4625		48
4626		36
4627		169
4628		53
4629		202
4630		1213
4631		421
4632		184
4633		1825
4634		134
4635		85
4636		502
4637		1223
4638		812
4639		466
4640		171
4641		51
4642		432
4643		395
4644		226
4645		131
4646		642
4647		841
4648		178
4649		58
4650		417
4651		686
4652		542
4653		709
4654		79
4655		1027
4656		607
4657		47
4658		253
4659		220
4660		210
4661		33
4662		292
4663		423
4664		1008
4665		1615
4666		62
4667		64
4668		790
4669		615
4670		726
4671		558
4672		381
4673		529
4674		1283
4675		331
4676		117
4677		876
4678		213
4679		357
4680		721
4681		48
4682		204
4683		379
4684		360
4685		40
4686		256
4687		50
4688		696
4689		327
4690		346
4691		98
4692		808
4693		265
4694		791
4695		72
4696		515
4697		410
4698		55
4699		1616
4700		58
4701		496
4702		537
4703		322
4704		1531
4705		335
4706		432
4707		120
4708		36
4709		90
4710		237
4711		606
4712		523
4713		828
4714		46
4715		2191
4716		262
4717		397
4718		630
4719		191
4720		307
4721		306
4722		362
4723		442
4724		735
4725		242
4726		234
4727		47
4728		900
4729		197
4730		142
4731		1104
4732		207
4733		958
4734		284
4735		146
4736		909
4737		107
4738		708
4739		547
4740		1325
4741		70
4742		73
4743		23
4744		306
4745		437
4746		765
4747		511
4748		196
4749		514
4750		157
4751		417
4752		53
4753		110
4754		113
4755		169
4756		636
4757		75
4758		256
4759		295
4760		805
4761		347
4762		1126
4763		212
4764		688
4765		1377
4766		1019
4767		450
4768		484
4769		1188
4770		570
4771		160
4772		580
4773		95
4774		104
4775		416
4776		221
4777		36
4778		161
4779		247
4780		215
4781		353
4782		411
4783		892
4784		775
4785		1600
4786		1086
4787		838
4788		648
4789		2119
4790		304
4791		383
4792		416
4793		146
4794		110
4795		516
4796		55
4797		331
4798		731
4799		1032
4800		253
4801		24
4802		553
4803		327
4804		285
4805		788
4806		194
4807		42
4808		148
4809		324
4810		934
4811		394
4812		674
4813		403
4814		48
4815		113
4816		866
4817		293
4818		1356
4819		399
4820		164
4821		90
4822		45
4823		693
4824		2022
4825		48
4826		437
4827		1981
4828		161
4829		506
4830		256
4831		96
4832		471
4833		86
4834		1603
4835		387
4836		862
4837		972
4838		425
4839		1380
4840		244
4841		470
4842		243
4843		728
4844		387
4845		71
4846		793
4847		408
4848		62
4849		339
4850		1681
4851		90
4852		311
4853		479
4854		66
4855		179
4856		1749
4857		144
4858		714
4859		276
4860		165
4861		127
4862		42
4863		960
4864		210
4865		391
4866		145
4867		199
4868		455
4869		393
4870		518
4871		183
4872		305
4873		692
4874		343
4875		368
4876		365
4877		832
4878		393
4879		482
4880		526
4881		189
4882		576
4883		1196
4884		948
4885		952
4886		945
4887		271
4888		734
4889		2819
4890		164
4891		197
4892		887
4893		398
4894		279
4895		515
4896		1181
4897		40
4898		1015
4899		1235
4900		512
4901		36
4902		877
4903		325
4904		598
4905		268
4906		361
4907		121
4908		475
4909		1089
4910		3059
4911		1199
4912		434
4913		758
4914		714
4915		526
4916		1445
4917		469
4918		923
4919		254
4920		197
4921		116
4922		302
4923		86
4924		160
4925		410
4926		752
4927		254
4928		1816
4929		106
4930		2233
4931		178
4932		193
4933		976
4934		434
4935		40
4936		233
4937		115
4938		492
4939		398
4940		1114
4941		219
4942		90
4943		45
4944		357
4945		240
4946		115
4947		136
4948		434
4949		341
4950		384
4951		96
4952		499
4953		1510
4954		152
4955		488
4956		35
4957		360
4958		183
4959		133
4960		70
4961		81
4962		267
4963		903
4964		53
4965		843
4966		505
4967		474
4968		76
4969		700
4970		552
4971		464
4972		357
4973		60
4974		232
4975		39
4976		99
4977		50
4978		764
4979		328
4980		756
4981		134
4982		37
4983		146
4984		401
4985		1202
4986		188
4987		167
4988		1422
4989		487
4990		349
4991		915
4992		1057
4993		80
4994		1065
4995		336
4996		83
4997		827
4998		262
4999		294
5000		39
5001		362
5002		515
5003		233
5004		151
5005		460
5006		1020
5007		90
5008		1547
5009		723
5010		241
5011		573
5012		1134
5013		1119
5014		1335
5015		103
5016		221
5017		87
5018		137
5019		317
5020		66
5021		151
5022		386
5023		318
5024		213
5025		656
5026		581
5027		833
5028		403
5029		1181
5030		248
5031		242
5032		273
5033		346
5034		44
5035		174
5036		1676
5037		635
5038		327
5039		499
5040		724
5041		1363
5042		52
5043		534
5044		159
5045		215
5046		96
5047		302
5048		700
5049		271
5050		2627
5051		347
5052		1026
5053		227
5054		215
5055		230
5056		150
5057		319
5058		184
5059		881
5060		121
5061		184
5062		426
5063		501
5064		109
5065		53
5066		312
5067		420
5068		769
5069		65
5070		185
5071		126
5072		316
5073		473
5074		738
5075		768
5076		128
5077		1033
5078		359
5079		91
5080		126
5081		619
5082		166
5083		302
5084		531
5085		1810
5086		592
5087		67
5088		250
5089		79
5090		327
5091		601
5092		40
5093		1088
5094		196
5095		96
5096		49
5097		52
5098		245
5099		328
5100		805
5101		203
5102		119
5103		749
5104		477
5105		628
5106		193
5107		464
5108		31
5109		149
5110		2905
5111		1397
5112		371
5113		271
5114		532
5115		600
5116		82
5117		141
5118		37
5119		809
5120		1104
5121		65
5122		127
5123		56
5124		569
5125		147
5126		723
5127		61
5128		338
5129		128
5130		419
5131		407
5132		107
5133		148
5134		96
5135		251
5136		1383
5137		294
5138		246
5139		717
5140		460
5141		656
5142		111
5143		168
5144		280
5145		102
5146		101
5147		819
5148		688
5149		605
5150		1356
5151		585
5152		437
5153		219
5154		80
5155		24
5156		177
5157		595
5158		386
5159		318
5160		48
5161		373
5162		638
5163		934
5164		72
5165		875
5166		153
5167		115
5168		74
5169		1088
5170		221
5171		83
5172		622
5173		1044
5174		228
5175		265
5176		162
5177		563
5178		88
5179		176
5180		56
5181		245
5182		309
5183		94
5184		1014
5185		775
5186		1076
5187		102
5188		42
5189		1702
5190		645
5191		734
5192		371
5193		163
5194		45
5195		610
5196		107
5197		808
5198		191
5199		756
5200		49
5201		317
5202		455
5203		78
5204		120
5205		317
5206		1313
5207		818
5208		394
5209		115
5210		383
5211		360
5212		130
5213		41
5214		165
5215		569
5216		277
5217		202
5218		181
5219		252
5220		99
5221		1719
5222		263
5223		147
5224		135
5225		140
5226		686
5227		258
5228		187
5229		265
5230		1271
5231		1079
5232		853
5233		625
5234		1012
5235		542
5236		41
5237		357
5238		475
5239		1252
5240		277
5241		96
5242		313
5243		102
5244		292
5245		874
5246		1698
5247		85
5248		669
5249		239
5250		160
5251		139
5252		983
5253		464
5254		271
5255		118
5256		466
5257		1831
5258		121
5259		169
5260		157
5261		284
5262		650
5263		175
5264		517
5265		1997
5266		77
5267		1353
5268		381
5269		824
5270		119
5271		481
5272		358
5273		149
5274		1082
5275		81
5276		1463
5277		483
5278		98
5279		673
5280		237
5281		246
5282		349
5283		438
5284		247
5285		228
5286		349
5287		243
5288		267
5289		846
5290		79
5291		896
5292		157
5293		319
5294		203
5295		72
5296		348
5297		1156
5298		1476
5299		1136
5300		202
5301		260
5302		539
5303		347
5304		526
5305		1089
5306		38
5307		207
5308		131
5309		422
5310		36
5311		360
5312		143
5313		412
5314		218
5315		281
5316		313
5317		452
5318		296
5319		120
5320		123
5321		72
5322		654
5323		190
5324		46
5325		77
5326		204
5327		125
5328		155
5329		71
5330		658
5331		335
5332		130
5333		417
5334		210
5335		1351
5336		105
5337		253
5338		140
5339		539
5340		586
5341		100
5342		98
5343		1243
5344		482
5345		630
5346		578
5347		162
5348		2402
5349		262
5350		737
5351		307
5352		199
5353		1147
5354		1575
5355		248
5356		1486
5357		37
5358		388
5359		754
5360		647
5361		344
5362		91
5363		535
5364		623
5365		224
5366		173
5367		2037
5368		113
5369		619
5370		48
5371		125
5372		447
5373		104
5374		101
5375		382
5376		44
5377		222
5378		748
5379		918
5380		104
5381		1108
5382		590
5383		145
5384		43
5385		769
5386		232
5387		28
5388		500
5389		236
5390		476
5391		55
5392		539
5393		164
5394		165
5395		358
5396		644
5397		38
5398		339
5399		953
5400		276
5401		641
5402		297
5403		1227
5404		200
5405		63
5406		2467
5407		77
5408		273
5409		365
5410		924
5411		102
5412		408
5413		136
5414		71
5415		498
5416		141
5417		839
5418		71
5419		163
5420		772
5421		2302
5422		691
5423		674
5424		93
5425		255
5426		59
5427		817
5428		585
5429		99
5430		257
5431		560
5432		546
5433		407
5434		51
5435		742
5436		571
5437		167
5438		266
5439		185
5440		529
5441		322
5442		1252
5443		95
5444		338
5445		62
5446		187
5447		765
5448		169
5449		127
5450		631
5451		558
5452		51
5453		404
5454		533
5455		53
5456		644
5457		75
5458		1454
5459		298
5460		325
5461		868
5462		106
5463		517
5464		181
5465		1060
5466		185
5467		67
5468		1565
5469		1759
5470		104
5471		405
5472		203
5473		426
5474		609
5475		176
5476		556
5477		110
5478		725
5479		299
5480		194
5481		222
5482		150
5483		208
5484		206
5485		404
5486		1124
5487		956
5488		383
5489		843
5490		343
5491		180
5492		74
5493		709
5494		887
5495		703
5496		957
5497		994
5498		77
5499		2131
5500		894
5501		450
5502		1511
5503		1024
5504		531
5505		69
5506		432
5507		152
5508		806
5509		1069
5510		271
5511		736
5512		93
5513		335
5514		613
5515		65
5516		376
5517		314
5518		512
5519		41
5520		81
5521		135
5522		840
5523		832
5524		388
5525		316
5526		690
5527		64
5528		322
5529		453
5530		298
5531		228
5532		602
5533		25
5534		393
5535		1506
5536		55
5537		145
5538		297
5539		134
5540		343
5541		339
5542		145
5543		302
5544		560
5545		581
5546		870
5547		46
5548		377
5549		253
5550		303
5551		189
5552		120
5553		347
5554		216
5555		495
5556		384
5557		644
5558		61
5559		244
5560		106
5561		45
5562		29
5563		336
5564		361
5565		118
5566		122
5567		59
5568		782
5569		28
5570		385
5571		295
5572		1615
5573		400
5574		510
5575		1766
5576		205
5577		124
5578		499
5579		597
5580		261
5581		156
5582		394
5583		77
5584		711
5585		790
5586		479
5587		1532
5588		1221
5589		644
5590		356
5591		571
5592		68
5593		297
5594		136
5595		13
5596		379
5597		91
5598		119
5599		370
5600		223
5601		68
5602		195
5603		387
5604		472
5605		270
5606		455
5607		53
5608		116
5609		584
5610		1009
5611		29
5612		1129
5613		604
5614		304
5615		35
5616		361
5617		264
5618		214
5619		314
5620		1156
5621		591
5622		854
5623		181
5624		120
5625		111
5626		55
5627		1023
5628		481
5629		461
5630		608
5631		222
5632		1346
5633		197
5634		289
5635		341
5636		269
5637		184
5638		669
5639		184
5640		933
5641		458
5642		439
5643		280
5644		1034
5645		518
5646		62
5647		109
5648		437
5649		1221
5650		713
5651		679
5652		319
5653		78
5654		298
5655		46
5656		43
5657		371
5658		262
5659		514
5660		903
5661		718
5662		152
5663		608
5664		83
5665		91
5666		652
5667		420
5668		791
5669		98
5670		48
5671		396
5672		529
5673		27
5674		385
5675		48
5676		215
5677		423
5678		196
5679		63
5680		45
5681		884
5682		27
5683		633
5684		359
5685		891
5686		186
5687		192
5688		745
5689		592
5690		667
5691		284
5692		218
5693		791
5694		74
5695		164
5696		346
5697		1011
5698		112
5699		752
5700		150
5701		679
5702		123
5703		1681
5704		661
5705		241
5706		81
5707		30
5708		361
5709		97
5710		249
5711		49
5712		212
5713		157
5714		341
5715		85
5716		294
5717		309
5718		826
5719		328
5720		1372
5721		505
5722		758
5723		1334
5724		108
5725		135
5726		100
5727		111
5728		52
5729		43
5730		120
5731		1365
5732		176
5733		102
5734		54
5735		697
5736		166
5737		736
5738		574
5739		167
5740		1007
5741		265
5742		133
5743		454
5744		415
5745		130
5746		491
5747		630
5748		90
5749		84
5750		526
5751		234
5752		565
5753		309
5754		596
5755		580
5756		272
5757		351
5758		84
5759		849
5760		143
5761		126
5762		120
5763		516
5764		512
5765		247
5766		357
5767		189
5768		140
5769		128
5770		231
5771		620
5772		520
5773		964
5774		781
5775		473
5776		862
5777		173
5778		149
5779		160
5780		250
5781		157
5782		536
5783		644
5784		524
5785		261
5786		104
5787		904
5788		1090
5789		282
5790		70
5791		40
5792		637
5793		303
5794		579
5795		189
5796		421
5797		441
5798		518
5799		783
5800		97
5801		1063
5802		475
5803		175
5804		282
5805		202
5806		106
5807		1408
5808		464
5809		288
5810		185
5811		1522
5812		900
5813		646
5814		441
5815		718
5816		161
5817		587
5818		183
5819		461
5820		959
5821		477
5822		94
5823		39
5824		158
5825		40
5826		200
5827		682
5828		1375
5829		294
5830		608
5831		910
5832		43
5833		52
5834		566
5835		342
5836		835
5837		817
5838		530
5839		64
5840		182
5841		36
5842		36
5843		63
5844		73
5845		1400
5846		100
5847		109
5848		148
5849		750
5850		212
5851		453
5852		96
5853		411
5854		139
5855		193
5856		1228
5857		82
5858		64
5859		67
5860		1016
5861		2148
5862		297
5863		429
5864		1085
5865		45
5866		36
5867		470
5868		79
5869		1025
5870		82
5871		28
5872		91
5873		358
5874		182
5875		720
5876		382
5877		57
5878		2172
5879		154
5880		97
5881		149
5882		727
5883		306
5884		374
5885		15
5886		673
5887		197
5888		1437
5889		381
5890		318
5891		291
5892		1380
5893		1182
5894		171
5895		342
5896		168
5897		756
5898		468
5899		810
5900		92
5901		507
5902		984
5903		1346
5904		383
5905		108
5906		356
5907		266
5908		148
5909		921
5910		118
5911		81
5912		344
5913		351
5914		295
5915		78
5916		253
5917		79
5918		573
5919		64
5920		253
5921		225
5922		251
5923		692
5924		372
5925		462
5926		1543
5927		734
5928		901
5929		396
5930		768
5931		747
5932		93
5933		386
5934		1030
5935		164
5936		661
5937		1745
5938		341
5939		1174
5940		831
5941		534
5942		621
5943		753
5944		328
5945		1231
5946		151
5947		621
5948		719
5949		298
5950		150
5951		687
5952		171
5953		355
5954		354
5955		188
5956		632
5957		364
5958		265
5959		44
5960		416
5961		820
5962		91
5963		103
5964		59
5965		243
5966		464
5967		449
5968		526
5969		216
5970		202
5971		757
5972		627
5973		1421
5974		401
5975		709
5976		54
5977		966
5978		416
5979		246
5980		234
5981		45
5982		1178
5983		430
5984		52
5985		337
5986		442
5987		506
5988		1276
5989		911
5990		1035
5991		201
5992		137
5993		239
5994		764
5995		476
5996		120
5997		325
5998		397
5999		34
6000		415
6001		294
6002		92
6003		540
6004		163
6005		542
6006		1102
6007		108
6008		1399
6009		391
6010		176
6011		2088
6012		128
6013		66
6014		100
6015		234
6016		790
6017		492
6018		719
6019		220
6020		168
6021		387
6022		83
6023		316
6024		197
6025		785
6026		111
6027		364
6028		268
6029		876
6030		307
6031		112
6032		442
6033		1004
6034		275
6035		174
6036		131
6037		151
6038		225
6039		139
6040		613
6041		272
6042		1123
6043		483
6044		468
6045		371
6046		261
6047		181
6048		2114
6049		435
6050		213
6051		1809
6052		460
6053		187
6054		1076
6055		712
6056		168
6057		1355
6058		256
6059		654
6060		790
6061		323
6062		645
6063		76
6064		319
6065		512
6066		438
6067		280
6068		205
6069		751
6070		278
6071		1177
6072		532
6073		236
6074		104
6075		253
6076		160
6077		179
6078		147
6079		589
6080		471
6081		449
6082		494
6083		732
6084		769
6085		246
6086		186
6087		879
6088		266
6089		68
6090		344
6091		81
6092		961
6093		533
6094		1041
6095		762
6096		292
6097		95
6098		205
6099		32
6100		285
6101		485
6102		207
6103		247
6104		60
6105		961
6106		329
6107		50
6108		1011
6109		458
6110		34
6111		324
6112		76
6113		1920
6114		66
6115		111
6116		214
6117		313
6118		299
6119		911
6120		1438
6121		70
6122		187
6123		162
6124		937
6125		1277
6126		335
6127		698
6128		34
6129		1064
6130		259
6131		476
6132		46
6133		43
6134		127
6135		919
6136		2510
6137		603
6138		211
6139		134
6140		166
6141		467
6142		888
6143		440
6144		91
6145		948
6146		156
6147		997
6148		367
6149		184
6150		318
6151		123
6152		1401
6153		396
6154		64
6155		722
6156		352
6157		392
6158		357
6159		686
6160		251
6161		256
6162		66
6163		277
6164		557
6165		730
6166		535
6167		1189
6168		267
6169		147
6170		592
6171		344
6172		747
6173		59
6174		224
6175		910
6176		228
6177		385
6178		908
6179		860
6180		143
6181		408
6182		450
6183		120
6184		534
6185		108
6186		163
6187		38
6188		424
6189		712
6190		1386
6191		105
6192		417
6193		252
6194		392
6195		99
6196		694
6197		1358
6198		247
6199		1040
6200		1990
6201		124
6202		71
6203		159
6204		1185
6205		527
6206		315
6207		305
6208		989
6209		657
6210		746
6211		271
6212		254
6213		231
6214		221
6215		307
6216		138
6217		264
6218		153
6219		364
6220		172
6221		69
6222		298
6223		40
6224		259
6225		139
6226		312
6227		30
6228		204
6229		99
6230		33
6231		806
6232		601
6233		135
6234		86
6235		278
6236		748
6237		232
6238		1211
6239		729
6240		796
6241		2129
6242		128
6243		236
6244		45
6245		966
6246		500
6247		309
6248		1714
6249		207
6250		1016
6251		725
6252		55
6253		58
6254		665
6255		807
6256		121
6257		199
6258		116
6259		700
6260		32
6261		150
6262		137
6263		354
6264		196
6265		795
6266		677
6267		1480
6268		1169
6269		1506
6270		276
6271		552
6272		871
6273		1105
6274		454
6275		310
6276		159
6277		38
6278		667
6279		74
6280		716
6281		84
6282		441
6283		402
6284		136
6285		283
6286		783
6287		86
6288		134
6289		499
6290		178
6291		317
6292		117
6293		593
6294		1707
6295		294
6296		913
6297		714
6298		192
6299		581
6300		197
6301		203
6302		169
6303		191
6304		651
6305		298
6306		240
6307		152
6308		426
6309		817
6310		443
6311		310
6312		1229
6313		159
6314		106
6315		551
6316		274
6317		63
6318		345
6319		672
6320		212
6321		844
6322		328
6323		81
6324		374
6325		176
6326		134
6327		265
6328		282
6329		66
6330		1327
6331		878
6332		329
6333		1049
6334		556
6335		219
6336		226
6337		219
6338		42
6339		197
6340		575
6341		84
6342		157
6343		498
6344		94
6345		92
6346		225
6347		425
6348		45
6349		746
6350		113
6351		177
6352		498
6353		84
6354		162
6355		287
6356		352
6357		255
6358		1977
6359		145
6360		953
6361		1197
6362		390
6363		188
6364		802
6365		749
6366		74
6367		539
6368		653
6369		218
6370		105
6371		164
6372		189
6373		923
6374		138
6375		145
6376		2177
6377		409
6378		257
6379		228
6380		524
6381		443
6382		299
6383		131
6384		1288
6385		1507
6386		204
6387		291
6388		431
6389		657
6390		508
6391		91
6392		98
6393		309
6394		341
6395		624
6396		130
6397		416
6398		896
6399		380
6400		609
6401		420
6402		481
6403		1290
6404		22
6405		249
6406		237
6407		659
6408		287
6409		1217
6410		186
6411		548
6412		2777
6413		659
6414		309
6415		248
6416		53
6417		451
6418		238
6419		822
6420		285
6421		289
6422		23
6423		753
6424		238
6425		674
6426		325
6427		762
6428		484
6429		84
6430		436
6431		298
6432		565
6433		965
6434		1164
6435		189
6436		141
6437		200
6438		287
6439		4143
6440		275
6441		468
6442		180
6443		414
6444		596
6445		101
6446		74
6447		159
6448		811
6449		227
6450		907
6451		136
6452		370
6453		216
6454		126
6455		231
6456		289
6457		306
6458		522
6459		278
6460		606
6461		1461
6462		424
6463		406
6464		666
6465		327
6466		397
6467		1107
6468		303
6469		624
6470		41
6471		444
6472		63
6473		57
6474		429
6475		577
6476		302
6477		735
6478		325
6479		296
6480		2055
6481		348
6482		86
6483		271
6484		71
6485		829
6486		241
6487		41
6488		718
6489		408
6490		11
6491		783
6492		952
6493		247
6494		133
6495		2170
6496		307
6497		1637
6498		444
6499		1493
6500		143
6501		555
6502		115
6503		335
6504		866
6505		832
6506		1290
6507		72
6508		154
6509		604
6510		182
6511		109
6512		90
6513		521
6514		459
6515		976
6516		161
6517		228
6518		432
6519		54
6520		383
6521		54
6522		259
6523		1105
6524		486
6525		253
6526		44
6527		252
6528		1566
6529		396
6530		950
6531		88
6532		847
6533		41
6534		517
6535		537
6536		1164
6537		611
6538		223
6539		133
6540		758
6541		431
6542		179
6543		972
6544		352
6545		1610
6546		443
6547		1337
6548		815
6549		775
6550		1239
6551		952
6552		127
6553		21
6554		109
6555		179
6556		259
6557		685
6558		320
6559		708
6560		697
6561		423
6562		238
6563		46
6564		41
6565		373
6566		1340
6567		278
6568		186
6569		123
6570		181
6571		1125
6572		372
6573		626
6574		269
6575		524
6576		116
6577		319
6578		63
6579		824
6580		202
6581		1336
6582		153
6583		61
6584		151
6585		60
6586		428
6587		391
6588		1413
6589		782
6590		31
6591		278
6592		800
6593		241
6594		100
6595		508
6596		99
6597		96
6598		59
6599		580
6600		166
6601		64
6602		414
6603		453
6604		790
6605		745
6606		385
6607		289
6608		64
6609		1347
6610		1114
6611		51
6612		1004
6613		67
6614		477
6615		221
6616		257
6617		641
6618		189
6619		189
6620		110
6621		51
6622		142
6623		115
6624		828
6625		992
6626		45
6627		35
6628		444
6629		217
6630		362
6631		156
6632		774
6633		156
6634		278
6635		768
6636		1155
6637		60
6638		1103
6639		477
6640		176
6641		356
6642		785
6643		372
6644		532
6645		86
6646		2644
6647		1404
6648		168
6649		1191
6650		253
6651		560
6652		171
6653		344
6654		61
6655		683
6656		477
6657		300
6658		169
6659		480
6660		341
6661		85
6662		104
6663		107
6664		72
6665		222
6666		1804
6667		148
6668		525
6669		506
6670		154
6671		109
6672		604
6673		83
6674		403
6675		447
6676		712
6677		560
6678		1594
6679		957
6680		314
6681		970
6682		35
6683		530
6684		110
6685		217
6686		1018
6687		507
6688		108
6689		687
6690		785
6691		277
6692		613
6693		1018
6694		441
6695		621
6696		1016
6697		471
6698		207
6699		617
6700		75
6701		122
6702		42
6703		578
6704		159
6705		169
6706		38
6707		606
6708		2002
6709		678
6710		118
6711		334
6712		130
6713		611
6714		120
6715		45
6716		235
6717		1215
6718		1337
6719		47
6720		111
6721		1278
6722		308
6723		58
6724		537
6725		476
6726		151
6727		230
6728		762
6729		75
6730		419
6731		454
6732		299
6733		459
6734		798
6735		122
6736		226
6737		147
6738		472
6739		1176
6740		616
6741		979
6742		746
6743		101
6744		164
6745		759
6746		83
6747		533
6748		149
6749		794
6750		262
6751		735
6752		239
6753		357
6754		156
6755		1294
6756		331
6757		23
6758		1115
6759		777
6760		611
6761		326
6762		213
6763		444
6764		344
6765		364
6766		827
6767		236
6768		80
6769		270
6770		1134
6771		1118
6772		265
6773		292
6774		395
6775		346
6776		199
6777		409
6778		46
6779		597
6780		118
6781		430
6782		728
6783		246
6784		677
6785		581
6786		1424
6787		217
6788		79
6789		54
6790		458
6791		125
6792		359
6793		170
6794		780
6795		995
6796		171
6797		138
6798		100
6799		64
6800		31
6801		368
6802		278
6803		98
6804		440
6805		463
6806		220
6807		381
6808		166
6809		494
6810		1016
6811		187
6812		103
6813		185
6814		570
6815		269
6816		806
6817		218
6818		121
6819		467
6820		927
6821		300
6822		663
6823		94
6824		505
6825		37
6826		479
6827		54
6828		80
6829		351
6830		590
6831		85
6832		94
6833		530
6834		152
6835		36
6836		1359
6837		479
6838		911
6839		164
6840		181
6841		327
6842		202
6843		842
6844		88
6845		598
6846		178
6847		272
6848		842
6849		131
6850		175
6851		386
6852		414
6853		122
6854		387
6855		109
6856		933
6857		155
6858		253
6859		2307
6860		267
6861		249
6862		546
6863		694
6864		235
6865		318
6866		801
6867		375
6868		363
6869		928
6870		448
6871		98
6872		732
6873		280
6874		93
6875		341
6876		409
6877		94
6878		443
6879		267
6880		222
6881		218
6882		418
6883		300
6884		83
6885		468
6886		1646
6887		402
6888		1253
6889		745
6890		2720
6891		207
6892		206
6893		166
6894		557
6895		858
6896		285
6897		683
6898		130
6899		1141
6900		57
6901		406
6902		289
6903		365
6904		316
6905		238
6906		1012
6907		224
6908		192
6909		130
6910		273
6911		505
6912		332
6913		72
6914		269
6915		228
6916		136
6917		90
6918		477
6919		241
6920		1828
6921		119
6922		110
6923		228
6924		705
6925		836
6926		451
6927		211
6928		748
6929		1318
6930		64
6931		269
6932		1840
6933		127
6934		1064
6935		397
6936		110
6937		220
6938		223
6939		42
6940		398
6941		381
6942		88
6943		917
6944		466
6945		91
6946		1973
6947		227
6948		247
6949		83
6950		151
6951		388
6952		1072
6953		899
6954		443
6955		694
6956		94
6957		179
6958		101
6959		201
6960		95
6961		305
6962		675
6963		493
6964		710
6965		69
6966		245
6967		408
6968		984
6969		199
6970		354
6971		323
6972		84
6973		61
6974		28
6975		353
6976		234
6977		100
6978		188
6979		65
6980		210
6981		476
6982		804
6983		27
6984		59
6985		170
6986		782
6987		1500
6988		203
6989		661
6990		262
6991		601
6992		1195
6993		124
6994		67
6995		65
6996		410
6997		604
6998		401
6999		570
7000		241
7001		913
7002		260
7003		630
7004		219
7005		156
7006		84
7007		2009
7008		167
7009		313
7010		542
7011		671
7012		404
7013		188
7014		19
7015		610
7016		203
7017		631
7018		281
7019		128
7020		580
7021		167
7022		165
7023		359
7024		442
7025		476
7026		150
7027		482
7028		1521
7029		368
7030		546
7031		568
7032		478
7033		764
7034		498
7035		45
7036		231
7037		230
7038		103
7039		133
7040		655
7041		288
7042		210
7043		899
7044		227
7045		100
7046		693
7047		232
7048		238
7049		392
7050		190
7051		145
7052		73
7053		699
7054		56
7055		796
7056		88
7057		211
7058		281
7059		79
7060		170
7061		861
7062		833
7063		36
7064		135
7065		146
7066		145
7067		681
7068		428
7069		89
7070		288
7071		618
7072		686
7073		732
7074		345
7075		774
7076		333
7077		1363
7078		828
7079		154
7080		101
7081		119
7082		133
7083		375
7084		663
7085		728
7086		204
7087		459
7088		717
7089		686
7090		1153
7091		41
7092		296
7093		241
7094		114
7095		902
7096		1923
7097		1004
7098		409
7099		1287
7100		236
7101		43
7102		133
7103		401
7104		570
7105		1409
7106		3023
7107		354
7108		336
7109		1068
7110		25
7111		808
7112		533
7113		85
7114		713
7115		194
7116		160
7117		185
7118		580
7119		722
7120		663
7121		270
7122		199
7123		537
7124		637
7125		222
7126		516
7127		412
7128		169
7129		615
7130		300
7131		128
7132		157
7133		45
7134		153
7135		736
7136		94
7137		319
7138		351
7139		44
7140		295
7141		497
7142		1627
7143		266
7144		802
7145		725
7146		127
7147		406
7148		60
7149		695
7150		527
7151		1475
7152		532
7153		444
7154		823
7155		64
7156		71
7157		258
7158		134
7159		430
7160		177
7161		1597
7162		680
7163		408
7164		60
7165		102
7166		887
7167		107
7168		367
7169		806
7170		1670
7171		380
7172		489
7173		313
7174		356
7175		708
7176		523
7177		156
7178		372
7179		387
7180		2220
7181		1512
7182		117
7183		731
7184		116
7185		338
7186		196
7187		92
7188		881
7189		456
7190		700
7191		542
7192		159
7193		1010
7194		818
7195		323
7196		810
7197		700
7198		431
7199		1103
7200		1257
7201		225
7202		288
7203		428
7204		1301
7205		184
7206		858
7207		178
7208		1203
7209		69
7210		779
7211		412
7212		1090
7213		934
7214		57
7215		84
7216		331
7217		1038
7218		2017
7219		838
7220		73
7221		803
7222		955
7223		860
7224		725
7225		259
7226		605
7227		446
7228		188
7229		107
7230		89
7231		238
7232		446
7233		462
7234		1093
7235		27
7236		1796
7237		825
7238		230
7239		1798
7240		745
7241		508
7242		267
7243		493
7244		263
7245		107
7246		398
7247		55
7248		77
7249		738
7250		226
7251		1174
7252		2029
7253		1400
7254		80
7255		214
7256		647
7257		51
7258		83
7259		290
7260		439
7261		19
7262		902
7263		869
7264		188
7265		650
7266		1138
7267		567
7268		437
7269		91
7270		43
7271		1504
7272		38
7273		1434
7274		585
7275		340
7276		1371
7277		322
7278		107
7279		453
7280		837
7281		209
7282		420
7283		1047
7284		418
7285		791
7286		274
7287		1296
7288		277
7289		55
7290		105
7291		109
7292		50
7293		89
7294		502
7295		44
7296		649
7297		51
7298		422
7299		86
7300		551
7301		36
7302		259
7303		303
7304		487
7305		322
7306		1221
7307		249
7308		272
7309		253
7310		30
7311		122
7312		302
7313		707
7314		54
7315		192
7316		241
7317		97
7318		616
7319		436
7320		913
7321		347
7322		111
7323		1205
7324		362
7325		397
7326		324
7327		291
7328		532
7329		2098
7330		47
7331		181
7332		182
7333		39
7334		1141
7335		43
7336		87
7337		305
7338		915
7339		595
7340		732
7341		939
7342		706
7343		677
7344		223
7345		84
7346		48
7347		847
7348		53
7349		403
7350		584
7351		1212
7352		464
7353		279
7354		139
7355		594
7356		309
7357		294
7358		534
7359		139
7360		844
7361		128
7362		1016
7363		485
7364		414
7365		28
7366		90
7367		681
7368		42
7369		84
7370		356
7371		73
7372		216
7373		394
7374		89
7375		300
7376		68
7377		733
7378		115
7379		940
7380		632
7381		338
7382		65
7383		706
7384		90
7385		126
7386		351
7387		108
7388		1904
7389		231
7390		1201
7391		420
7392		170
7393		163
7394		860
7395		495
7396		148
7397		498
7398		254
7399		694
7400		190
7401		281
7402		62
7403		200
7404		470
7405		527
7406		526
7407		561
7408		882
7409		1226
7410		33
7411		39
7412		126
7413		109
7414		278
7415		82
7416		541
7417		1790
7418		143
7419		22
7420		230
7421		430
7422		180
7423		176
7424		608
7425		122
7426		100
7427		319
7428		701
7429		899
7430		576
7431		658
7432		298
7433		58
7434		373
7435		347
7436		111
7437		104
7438		151
7439		758
7440		184
7441		110
7442		208
7443		266
7444		400
7445		513
7446		970
7447		174
7448		751
7449		549
7450		1408
7451		335
7452		92
7453		91
7454		281
7455		327
7456		615
7457		31
7458		579
7459		554
7460		1417
7461		345
7462		127
7463		345
7464		830
7465		542
7466		295
7467		1114
7468		1014
7469		128
7470		109
7471		249
7472		268
7473		754
7474		2311
7475		154
7476		129
7477		364
7478		151
7479		169
7480		69
7481		381
7482		427
7483		72
7484		582
7485		886
7486		210
7487		239
7488		109
7489		135
7490		1147
7491		765
7492		1529
7493		48
7494		303
7495		23
7496		198
7497		152
7498		410
7499		243
7500		1294
7501		573
7502		79
7503		237
7504		84
7505		140
7506		119
7507		84
7508		771
7509		74
7510		135
7511		40
7512		105
7513		176
7514		30
7515		543
7516		383
7517		213
7518		646
7519		474
7520		169
7521		1272
7522		412
7523		268
7524		364
7525		708
7526		459
7527		583
7528		441
7529		177
7530		27
7531		284
7532		99
7533		146
7534		2479
7535		472
7536		371
7537		1150
7538		313
7539		1580
7540		1002
7541		656
7542		237
7543		509
7544		55
7545		94
7546		284
7547		245
7548		35
7549		169
7550		99
7551		1405
7552		293
7553		140
7554		1079
7555		2019
7556		90
7557		80
7558		64
7559		30
7560		2193
7561		309
7562		618
7563		90
7564		473
7565		277
7566		557
7567		1244
7568		86
7569		429
7570		239
7571		75
7572		303
7573		319
7574		477
7575		81
7576		103
7577		345
7578		416
7579		89
7580		385
7581		712
7582		227
7583		48
7584		80
7585		1091
7586		175
7587		37
7588		193
7589		138
7590		832
7591		999
7592		808
7593		73
7594		1458
7595		61
7596		521
7597		141
7598		1559
7599		384
7600		1039
7601		111
7602		1825
7603		901
7604		207
7605		141
7606		151
7607		104
7608		73
7609		974
7610		664
7611		186
7612		475
7613		530
7614		2627
7615		385
7616		1556
7617		476
7618		25
7619		472
7620		231
7621		536
7622		716
7623		686
7624		883
7625		185
7626		537
7627		51
7628		182
7629		774
7630		106
7631		143
7632		53
7633		461
7634		174
7635		109
7636		71
7637		861
7638		795
7639		107
7640		409
7641		192
7642		252
7643		84
7644		584
7645		330
7646		82
7647		690
7648		1103
7649		678
7650		286
7651		732
7652		244
7653		575
7654		200
7655		366
7656		1182
7657		320
7658		1043
7659		365
7660		551
7661		157
7662		534
7663		140
7664		152
7665		342
7666		188
7667		507
7668		247
7669		583
7670		55
7671		64
7672		320
7673		358
7674		140
7675		505
7676		237
7677		413
7678		847
7679		105
7680		92
7681		179
7682		170
7683		140
7684		375
7685		581
7686		248
7687		1282
7688		535
7689		367
7690		584
7691		108
7692		580
7693		251
7694		229
7695		121
7696		472
7697		395
7698		53
7699		554
7700		205
7701		487
7702		229
7703		869
7704		94
7705		1010
7706		1631
7707		113
7708		348
7709		318
7710		612
7711		1466
7712		12
7713		856
7714		320
7715		292
7716		120
7717		195
7718		342
7719		130
7720		336
7721		836
7722		152
7723		411
7724		466
7725		720
7726		48
7727		286
7728		168
7729		1314
7730		1021
7731		151
7732		1112
7733		132
7734		102
7735		330
7736		258
7737		541
7738		323
7739		302
7740		147
7741		433
7742		513
7743		1124
7744		451
7745		98
7746		146
7747		885
7748		198
7749		1051
7750		195
7751		234
7752		1033
7753		842
7754		535
7755		552
7756		250
7757		1070
7758		556
7759		1070
7760		325
7761		559
7762		201
7763		137
7764		409
7765		292
7766		323
7767		239
7768		153
7769		720
7770		673
7771		505
7772		57
7773		144
7774		451
7775		184
7776		857
7777		1415
7778		561
7779		609
7780		535
7781		1305
7782		102
7783		1055
7784		82
7785		673
7786		345
7787		455
7788		345
7789		121
7790		606
7791		175
7792		323
7793		134
7794		1805
7795		84
7796		325
7797		236
7798		1654
7799		147
7800		279
7801		2162
7802		1040
7803		235
7804		488
7805		496
7806		175
7807		337
7808		121
7809		170
7810		576
7811		429
7812		1183
7813		452
7814		579
7815		84
7816		135
7817		453
7818		922
7819		1809
7820		189
7821		135
7822		371
7823		1061
7824		409
7825		614
7826		36
7827		412
7828		41
7829		286
7830		167
7831		414
7832		730
7833		883
7834		458
7835		327
7836		1009
7837		75
7838		800
7839		1062
7840		584
7841		88
7842		761
7843		63
7844		140
7845		1123
7846		1126
7847		186
7848		40
7849		881
7850		379
7851		34
7852		1344
7853		66
7854		1108
7855		695
7856		93
7857		223
7858		829
7859		574
7860		311
7861		669
7862		648
7863		341
7864		120
7865		624
7866		319
7867		83
7868		270
7869		83
7870		370
7871		327
7872		138
7873		219
7874		299
7875		159
7876		165
7877		149
7878		407
7879		335
7880		137
7881		536
7882		162
7883		436
7884		229
7885		561
7886		734
7887		643
7888		564
7889		58
7890		414
7891		164
7892		32
7893		1103
7894		2123
7895		84
7896		260
7897		59
7898		433
7899		558
7900		225
7901		69
7902		180
7903		138
7904		1641
7905		153
7906		813
7907		158
7908		442
7909		119
7910		564
7911		396
7912		817
7913		797
7914		187
7915		253
7916		391
7917		1216
7918		528
7919		1298
7920		204
7921		346
7922		185
7923		935
7924		456
7925		271
7926		52
7927		602
7928		617
7929		825
7930		449
7931		348
7932		657
7933		98
7934		420
7935		188
7936		841
7937		139
7938		325
7939		252
7940		400
7941		382
7942		281
7943		493
7944		293
7945		542
7946		55
7947		59
7948		178
7949		403
7950		348
7951		1579
7952		243
7953		108
7954		83
7955		240
7956		362
7957		56
7958		440
7959		524
7960		268
7961		146
7962		209
7963		1003
7964		118
7965		74
7966		819
7967		295
7968		198
7969		313
7970		488
7971		187
7972		136
7973		187
7974		567
7975		1031
7976		117
7977		275
7978		254
7979		1059
7980		487
7981		122
7982		280
7983		560
7984		705
7985		566
7986		87
7987		544
7988		92
7989		1283
7990		386
7991		439
7992		419
7993		531
7994		1062
7995		294
7996		678
7997		453
7998		173
7999		724
8000		183
8001		68
8002		540
8003		71
8004		548
8005		2134
8006		79
8007		838
8008		332
8009		1231
8010		28
8011		348
8012		97
8013		445
8014		132
8015		478
8016		99
8017		137
8018		568
8019		252
8020		216
8021		525
8022		244
8023		160
8024		404
8025		542
8026		148
8027		332
8028		83
8029		372
8030		515
8031		972
8032		245
8033		130
8034		234
8035		554
8036		919
8037		189
8038		553
8039		345
8040		415
8041		114
8042		244
8043		190
8044		190
8045		657
8046		163
8047		282
8048		117
8049		63
8050		1060
8051		106
8052		354
8053		283
8054		183
8055		173
8056		1216
8057		263
8058		907
8059		121
8060		359
8061		556
8062		528
8063		2039
8064		443
8065		165
8066		735
8067		124
8068		264
8069		1044
8070		910
8071		264
8072		96
8073		357
8074		798
8075		67
8076		311
8077		658
8078		318
8079		89
8080		214
8081		249
8082		617
8083		440
8084		520
8085		135
8086		917
8087		398
8088		684
8089		152
8090		331
8091		676
8092		81
8093		163
8094		19
8095		432
8096		607
8097		276
8098		2910
8099		354
8100		1269
8101		917
8102		2360
8103		623
8104		134
8105		456
8106		323
8107		243
8108		66
8109		250
8110		156
8111		97
8112		952
8113		47
8114		478
8115		742
8116		31
8117		265
8118		2163
8119		139
8120		296
8121		241
8122		114
8123		54
8124		356
8125		596
8126		101
8127		72
8128		829
8129		117
8130		50
8131		49
8132		646
8133		670
8134		630
8135		89
8136		42
8137		127
8138		355
8139		393
8140		40
8141		383
8142		316
8143		1205
8144		41
8145		798
8146		60
8147		228
8148		81
8149		342
8150		386
8151		104
8152		1397
8153		322
8154		74
8155		61
8156		203
8157		326
8158		755
8159		451
8160		1507
8161		677
8162		107
8163		149
8164		557
8165		829
8166		561
8167		111
8168		98
8169		68
8170		952
8171		592
8172		105
8173		493
8174		215
8175		43
8176		258
8177		697
8178		921
8179		538
8180		544
8181		468
8182		381
8183		37
8184		202
8185		163
8186		169
8187		141
8188		627
8189		248
8190		165
8191		74
8192		444
8193		506
8194		93
8195		530
8196		166
8197		448
8198		171
8199		128
8200		909
8201		844
8202		401
8203		261
8204		57
8205		199
8206		330
8207		394
8208		40
8209		751
8210		464
8211		36
8212		177
8213		534
8214		772
8215		139
8216		1003
8217		231
8218		34
8219		677
8220		321
8221		325
8222		51
8223		777
8224		55
8225		213
8226		33
8227		714
8228		239
8229		121
8230		1454
8231		429
8232		395
8233		1423
8234		406
8235		316
8236		476
8237		412
8238		160
8239		887
8240		1272
8241		690
8242		672
8243		1287
8244		25
8245		298
8246		340
8247		515
8248		63
8249		146
8250		270
8251		687
8252		132
8253		71
8254		467
8255		859
8256		1023
8257		310
8258		467
8259		53
8260		684
8261		422
8262		1764
8263		336
8264		251
8265		295
8266		2001
8267		149
8268		488
8269		363
8270		63
8271		127
8272		1338
8273		108
8274		386
8275		25
8276		385
8277		281
8278		751
8279		574
8280		1413
8281		78
8282		252
8283		891
8284		571
8285		118
8286		778
8287		82
8288		52
8289		86
8290		260
8291		313
8292		101
8293		175
8294		462
8295		200
8296		293
8297		189
8298		716
8299		502
8300		245
8301		310
8302		198
8303		555
8304		1827
8305		529
8306		255
8307		549
8308		90
8309		767
8310		443
8311		57
8312		774
8313		466
8314		129
8315		129
8316		38
8317		71
8318		2095
8319		281
8320		142
8321		784
8322		751
8323		399
8324		275
8325		100
8326		205
8327		166
8328		91
8329		449
8330		608
8331		169
8332		434
8333		619
8334		265
8335		161
8336		831
8337		1810
8338		1479
8339		141
8340		1333
8341		827
8342		99
8343		53
8344		670
8345		175
8346		191
8347		157
8348		648
8349		506
8350		144
8351		71
8352		32
8353		306
8354		413
8355		724
8356		123
8357		269
8358		100
8359		333
8360		440
8361		69
8362		290
8363		104
8364		78
8365		65
8366		125
8367		313
8368		654
8369		88
8370		499
8371		84
8372		149
8373		279
8374		841
8375		130
8376		848
8377		489
8378		850
8379		542
8380		42
8381		590
8382		406
8383		77
8384		380
8385		2759
8386		434
8387		185
8388		268
8389		642
8390		361
8391		248
8392		689
8393		124
8394		225
8395		1087
8396		199
8397		424
8398		69
8399		392
8400		570
8401		157
8402		40
8403		932
8404		160
8405		814
8406		126
8407		531
8408		77
8409		466
8410		354
8411		492
8412		1030
8413		148
8414		317
8415		608
8416		217
8417		160
8418		131
8419		455
8420		123
8421		760
8422		1436
8423		1494
8424		801
8425		1052
8426		512
8427		95
8428		139
8429		203
8430		46
8431		959
8432		176
8433		489
8434		908
8435		1060
8436		164
8437		37
8438		1497
8439		412
8440		475
8441		871
8442		193
8443		679
8444		353
8445		697
8446		942
8447		139
8448		1927
8449		41
8450		214
8451		169
8452		1139
8453		433
8454		704
8455		475
8456		499
8457		672
8458		186
8459		128
8460		212
8461		40
8462		357
8463		396
8464		833
8465		408
8466		236
8467		558
8468		49
8469		179
8470		182
8471		1703
8472		834
8473		456
8474		176
8475		231
8476		364
8477		1316
8478		679
8479		205
8480		182
8481		362
8482		160
8483		193
8484		104
8485		176
8486		683
8487		1336
8488		434
8489		1543
8490		73
8491		715
8492		438
8493		110
8494		38
8495		512
8496		812
8497		512
8498		1230
8499		58
8500		745
8501		394
8502		146
8503		86
8504		260
8505		122
8506		679
8507		110
8508		25
8509		1062
8510		47
8511		100
8512		190
8513		458
8514		176
8515		507
8516		87
8517		48
8518		353
8519		603
8520		1609
8521		466
8522		189
8523		633
8524		288
8525		75
8526		530
8527		393
8528		2895
8529		1110
8530		471
8531		351
8532		300
8533		206
8534		198
8535		547
8536		110
8537		555
8538		148
8539		1157
8540		426
8541		122
8542		158
8543		565
8544		133
8545		186
8546		413
8547		145
8548		423
8549		100
8550		640
8551		393
8552		74
8553		716
8554		393
8555		69
8556		51
8557		567
8558		617
8559		573
8560		187
8561		157
8562		206
8563		74
8564		32
8565		65
8566		81
8567		675
8568		266
8569		66
8570		78
8571		87
8572		79
8573		547
8574		146
8575		104
8576		694
8577		44
8578		69
8579		72
8580		171
8581		154
8582		949
8583		694
8584		141
8585		76
8586		1405
8587		142
8588		174
8589		54
8590		452
8591		256
8592		968
8593		160
8594		581
8595		541
8596		89
8597		430
8598		1023
8599		96
8600		53
8601		362
8602		735
8603		104
8604		1397
8605		161
8606		348
8607		132
8608		1740
8609		779
8610		667
8611		382
8612		614
8613		179
8614		1132
8615		74
8616		17
8617		524
8618		507
8619		257
8620		214
8621		240
8622		497
8623		31
8624		224
8625		478
8626		373
8627		1436
8628		756
8629		167
8630		398
8631		392
8632		166
8633		1015
8634		321
8635		117
8636		350
8637		443
8638		45
8639		1035
8640		84
8641		139
8642		236
8643		68
8644		87
8645		1323
8646		43
8647		699
8648		655
8649		515
8650		87
8651		158
8652		925
8653		284
8654		149
8655		465
8656		345
8657		820
8658		43
8659		487
8660		1764
8661		875
8662		1826
8663		24
8664		144
8665		458
8666		329
8667		381
8668		558
8669		247
8670		334
8671		285
8672		136
8673		66
8674		130
8675		340
8676		1104
8677		407
8678		38
8679		437
8680		219
8681		667
8682		525
8683		675
8684		87
8685		484
8686		172
8687		130
8688		922
8689		219
8690		1352
8691		224
8692		444
8693		1148
8694		853
8695		798
8696		191
8697		552
8698		46
8699		1334
8700		66
8701		532
8702		152
8703		376
8704		50
8705		42
8706		231
8707		319
8708		87
8709		166
8710		153
8711		233
8712		470
8713		279
8714		157
8715		475
8716		720
8717		920
8718		81
8719		681
8720		316
8721		725
8722		381
8723		786
8724		2372
8725		363
8726		175
8727		67
8728		1065
8729		225
8730		1136
8731		378
8732		834
8733		29
8734		262
8735		177
8736		292
8737		294
8738		175
8739		387
8740		268
8741		673
8742		61
8743		1415
8744		312
8745		119
8746		78
8747		222
8748		53
8749		578
8750		1987
8751		49
8752		307
8753		182
8754		148
8755		163
8756		357
8757		132
8758		416
8759		209
8760		571
8761		852
8762		294
8763		534
8764		151
8765		199
8766		641
8767		19
8768		235
8769		1555
8770		540
8771		69
8772		175
8773		224
8774		224
8775		735
8776		39
8777		386
8778		256
8779		463
8780		314
8781		194
8782		1098
8783		852
8784		43
8785		2969
8786		13
8787		648
8788		913
8789		737
8790		772
8791		297
8792		2057
8793		79
8794		383
8795		743
8796		295
8797		310
8798		157
8799		190
8800		410
8801		562
8802		384
8803		177
8804		94
8805		269
8806		49
8807		57
8808		520
8809		595
8810		257
8811		203
8812		262
8813		784
8814		78
8815		846
8816		499
8817		602
8818		588
8819		140
8820		258
8821		97
8822		190
8823		619
8824		135
8825		120
8826		275
8827		84
8828		664
8829		414
8830		48
8831		374
8832		1241
8833		166
8834		1112
8835		1326
8836		151
8837		321
8838		166
8839		518
8840		433
8841		1194
8842		198
8843		326
8844		20
8845		133
8846		1195
8847		307
8848		1366
8849		221
8850		77
8851		390
8852		388
8853		39
8854		232
8855		811
8856		623
8857		242
8858		903
8859		238
8860		243
8861		407
8862		2115
8863		487
8864		71
8865		432
8866		1183
8867		322
8868		66
8869		91
8870		240
8871		766
8872		51
8873		315
8874		32
8875		174
8876		1143
8877		861
8878		579
8879		745
8880		661
8881		863
8882		102
8883		274
8884		351
8885		506
8886		101
8887		189
8888		251
8889		272
8890		139
8891		366
8892		1559
8893		227
8894		143
8895		821
8896		137
8897		804
8898		297
8899		1140
8900		512
8901		67
8902		412
8903		382
8904		125
8905		271
8906		31
8907		136
8908		226
8909		14
8910		908
8911		91
8912		833
8913		749
8914		224
8915		706
8916		156
8917		126
8918		548
8919		1133
8920		1051
8921		286
8922		154
8923		108
8924		495
8925		319
8926		362
8927		82
8928		499
8929		679
8930		428
8931		390
8932		813
8933		212
8934		492
8935		287
8936		295
8937		54
8938		86
8939		886
8940		484
8941		591
8942		641
8943		42
8944		85
8945		997
8946		112
8947		225
8948		954
8949		66
8950		1112
8951		69
8952		71
8953		449
8954		359
8955		160
8956		409
8957		459
8958		917
8959		327
8960		353
8961		560
8962		124
8963		280
8964		206
8965		248
8966		646
8967		619
8968		643
8969		200
8970		715
8971		199
8972		522
8973		148
8974		201
8975		235
8976		278
8977		554
8978		797
8979		134
8980		271
8981		424
8982		373
8983		206
8984		80
8985		268
8986		61
8987		512
8988		444
8989		310
8990		274
8991		224
8992		821
8993		799
8994		539
8995		704
8996		180
8997		210
8998		79
8999		132
9000		165
9001		225
9002		1073
9003		926
9004		501
9005		404
9006		577
9007		219
9008		4010
9009		332
9010		1667
9011		213
9012		96
9013		1255
9014		1108
9015		615
9016		420
9017		625
9018		177
9019		184
9020		120
9021		92
9022		212
9023		861
9024		148
9025		1634
9026		29
9027		494
9028		290
9029		104
9030		502
9031		13
9032		187
9033		65
9034		82
9035		105
9036		165
9037		237
9038		382
9039		504
9040		113
9041		369
9042		131
9043		92
9044		1775
9045		590
9046		306
9047		448
9048		328
9049		187
9050		304
9051		146
9052		297
9053		177
9054		170
9055		474
9056		496
9057		310
9058		142
9059		30
9060		334
9061		116
9062		622
9063		599
9064		420
9065		139
9066		714
9067		233
9068		653
9069		165
9070		121
9071		63
9072		1289
9073		1071
9074		2715
9075		299
9076		968
9077		658
9078		331
9079		387
9080		154
9081		363
9082		322
9083		444
9084		233
9085		62
9086		112
9087		944
9088		450
9089		240
9090		44
9091		36
9092		147
9093		750
9094		240
9095		240
9096		541
9097		151
9098		269
9099		629
9100		251
9101		539
9102		161
9103		49
9104		210
9105		462
9106		497
9107		593
9108		743
9109		307
9110		395
9111		259
9112		357
9113		486
9114		84
9115		62
9116		829
9117		406
9118		194
9119		213
9120		1226
9121		234
9122		113
9123		86
9124		176
9125		339
9126		88
9127		847
9128		294
9129		3330
9130		309
9131		374
9132		595
9133		832
9134		1613
9135		472
9136		640
9137		654
9138		346
9139		367
9140		32
9141		72
9142		117
9143		117
9144		351
9145		335
9146		833
9147		1304
9148		764
9149		487
9150		848
9151		67
9152		558
9153		653
9154		561
9155		306
9156		49
9157		843
9158		387
9159		855
9160		54
9161		235
9162		107
9163		124
9164		175
9165		992
9166		395
9167		41
9168		327
9169		173
9170		1449
9171		102
9172		114
9173		78
9174		1017
9175		532
9176		153
9177		171
9178		735
9179		463
9180		1022
9181		60
9182		202
9183		175
9184		158
9185		650
9186		132
9187		402
9188		288
9189		279
9190		132
9191		1422
9192		180
9193		477
9194		509
9195		632
9196		412
9197		55
9198		27
9199		225
9200		82
9201		1989
9202		285
9203		501
9204		487
9205		677
9206		398
9207		1553
9208		804
9209		45
9210		665
9211		702
9212		96
9213		115
9214		752
9215		298
9216		71
9217		114
9218		199
9219		680
9220		1005
9221		254
9222		1779
9223		994
9224		240
9225		322
9226		355
9227		196
9228		560
9229		1200
9230		372
9231		391
9232		75
9233		319
9234		65
9235		592
9236		1620
9237		371
9238		854
9239		433
9240		669
9241		320
9242		324
9243		266
9244		264
9245		918
9246		158
9247		820
9248		198
9249		680
9250		397
9251		529
9252		640
9253		412
9254		396
9255		129
9256		882
9257		128
9258		942
9259		71
9260		1219
9261		171
9262		451
9263		1861
9264		344
9265		385
9266		785
9267		101
9268		140
9269		264
9270		1162
9271		184
9272		1079
9273		75
9274		1076
9275		424
9276		327
9277		167
9278		172
9279		1403
9280		380
9281		1254
9282		109
9283		194
9284		2017
9285		1837
9286		170
9287		112
9288		446
9289		628
9290		183
9291		826
9292		76
9293		266
9294		836
9295		346
9296		618
9297		260
9298		255
9299		1187
9300		235
9301		625
9302		828
9303		274
9304		87
9305		552
9306		918
9307		231
9308		40
9309		619
9310		515
9311		51
9312		436
9313		32
9314		1877
9315		171
9316		1480
9317		186
9318		772
9319		372
9320		1786
9321		791
9322		70
9323		113
9324		1282
9325		1729
9326		94
9327		193
9328		387
9329		437
9330		697
9331		1373
9332		729
9333		166
9334		414
9335		295
9336		291
9337		47
9338		263
9339		372
9340		754
9341		160
9342		53
9343		592
9344		320
9345		175
9346		594
9347		763
9348		154
9349		246
9350		163
9351		402
9352		92
9353		35
9354		401
9355		622
9356		370
9357		2169
9358		383
9359		817
9360		202
9361		851
9362		867
9363		991
9364		164
9365		271
9366		635
9367		25
9368		105
9369		145
9370		409
9371		591
9372		79
9373		818
9374		871
9375		1932
9376		88
9377		306
9378		1100
9379		711
9380		129
9381		676
9382		1034
9383		364
9384		80
9385		724
9386		75
9387		207
9388		507
9389		901
9390		911
9391		242
9392		128
9393		252
9394		44
9395		1405
9396		291
9397		131
9398		768
9399		50
9400		72
9401		56
9402		1394
9403		475
9404		152
9405		746
9406		1297
9407		130
9408		96
9409		332
9410		471
9411		923
9412		54
9413		101
9414		1088
9415		147
9416		331
9417		276
9418		47
9419		235
9420		632
9421		316
9422		46
9423		482
9424		582
9425		630
9426		40
9427		334
9428		101
9429		102
9430		1431
9431		128
9432		58
9433		90
9434		776
9435		657
9436		96
9437		208
9438		1331
9439		195
9440		576
9441		938
9442		160
9443		260
9444		514
9445		84
9446		48
9447		363
9448		48
9449		837
9450		403
9451		120
9452		591
9453		633
9454		903
9455		656
9456		40
9457		579
9458		907
9459		294
9460		210
9461		238
9462		563
9463		1098
9464		552
9465		146
9466		174
9467		714
9468		753
9469		290
9470		132
9471		41
9472		229
9473		527
9474		321
9475		2907
9476		256
9477		110
9478		33
9479		156
9480		1247
9481		336
9482		441
9483		57
9484		775
9485		55
9486		176
9487		1808
9488		107
9489		245
9490		486
9491		308
9492		691
9493		215
9494		471
9495		595
9496		283
9497		82
9498		190
9499		259
9500		138
9501		744
9502		85
9503		316
9504		145
9505		67
9506		295
9507		275
9508		247
9509		16
9510		367
9511		264
9512		39
9513		958
9514		1004
9515		32
9516		798
9517		86
9518		935
9519		326
9520		1078
9521		276
9522		1205
9523		426
9524		384
9525		521
9526		368
9527		137
9528		120
9529		575
9530		1143
9531		328
9532		365
9533		689
9534		434
9535		808
9536		1324
9537		54
9538		1653
9539		402
9540		64
9541		499
9542		37
9543		460
9544		165
9545		767
9546		124
9547		55
9548		480
9549		192
9550		778
9551		116
9552		634
9553		45
9554		208
9555		262
9556		409
9557		179
9558		369
9559		1881
9560		106
9561		559
9562		541
9563		962
9564		288
9565		3280
9566		656
9567		24
9568		1091
9569		211
9570		26
9571		375
9572		334
9573		669
9574		431
9575		194
9576		409
9577		303
9578		292
9579		391
9580		135
9581		730
9582		367
9583		109
9584		107
9585		37
9586		944
9587		1667
9588		1019
9589		756
9590		217
9591		534
9592		94
9593		102
9594		575
9595		337
9596		677
9597		731
9598		603
9599		47
9600		1160
9601		528
9602		439
9603		105
9604		910
9605		590
9606		1266
9607		130
9608		140
9609		964
9610		461
9611		1522
9612		28
9613		221
9614		316
9615		550
9616		426
9617		690
9618		91
9619		131
9620		403
9621		445
9622		174
9623		229
9624		72
9625		152
9626		721
9627		344
9628		285
9629		240
9630		689
9631		397
9632		153
9633		209
9634		567
9635		80
9636		24
9637		216
9638		72
9639		167
9640		603
9641		424
9642		548
9643		1890
9644		667
9645		110
9646		590
9647		312
9648		110
9649		191
9650		193
9651		279
9652		970
9653		284
9654		117
9655		236
9656		81
9657		46
9658		53
9659		797
9660		190
9661		664
9662		936
9663		236
9664		675
9665		657
9666		24
9667		320
9668		538
9669		89
9670		567
9671		116
9672		694
9673		152
9674		448
9675		1050
9676		229
9677		537
9678		281
9679		108
9680		174
9681		407
9682		978
9683		145
9684		207
9685		388
9686		261
9687		42
9688		25
9689		363
9690		720
9691		53
9692		165
9693		42
9694		112
9695		677
9696		351
9697		608
9698		43
9699		504
9700		487
9701		160
9702		950
9703		98
9704		88
9705		129
9706		580
9707		428
9708		1014
9709		44
9710		624
9711		399
9712		93
9713		295
9714		135
9715		356
9716		177
9717		257
9718		379
9719		657
9720		51
9721		134
9722		199
9723		137
9724		971
9725		1424
9726		205
9727		199
9728		283
9729		352
9730		161
9731		300
9732		1265
9733		311
9734		422
9735		238
9736		415
9737		306
9738		496
9739		96
9740		119
9741		134
9742		576
9743		79
9744		274
9745		293
9746		960
9747		753
9748		101
9749		555
9750		25
9751		308
9752		384
9753		35
9754		461
9755		497
9756		477
9757		635
9758		515
9759		210
9760		256
9761		84
9762		202
9763		205
9764		982
9765		68
9766		282
9767		496
9768		581
9769		719
9770		75
9771		3290
9772		145
9773		61
9774		28
9775		292
9776		1888
9777		31
9778		433
9779		885
9780		376
9781		541
9782		642
9783		56
9784		1262
9785		935
9786		278
9787		1126
9788		658
9789		159
9790		78
9791		392
9792		143
9793		49
9794		585
9795		361
9796		16
9797		122
9798		81
9799		380
9800		116
9801		28
9802		938
9803		124
9804		496
9805		822
9806		715
9807		155
9808		302
9809		475
9810		1271
9811		432
9812		80
9813		228
9814		112
9815		68
9816		84
9817		93
9818		1532
9819		189
9820		557
9821		238
9822		120
9823		527
9824		424
9825		375
9826		490
9827		59
9828		340
9829		190
9830		717
9831		98
9832		147
9833		662
9834		549
9835		1275
9836		120
9837		212
9838		74
9839		373
9840		571
9841		349
9842		784
9843		1336
9844		511
9845		805
9846		562
9847		320
9848		62
9849		1809
9850		341
9851		174
9852		474
9853		329
9854		84
9855		771
9856		125
9857		41
9858		27
9859		1147
9860		638
9861		145
9862		259
9863		625
9864		335
9865		160
9866		1305
9867		543
9868		141
9869		141
9870		750
9871		171
9872		588
9873		403
9874		1037
9875		150
9876		413
9877		226
9878		233
9879		139
9880		916
9881		2062
9882		295
9883		192
9884		537
9885		992
9886		1259
9887		706
9888		415
9889		597
9890		158
9891		985
9892		97
9893		794
9894		167
9895		444
9896		104
9897		28
9898		202
9899		872
9900		536
9901		48
9902		1600
9903		751
9904		571
9905		1948
9906		47
9907		54
9908		983
9909		859
9910		283
9911		682
9912		470
9913		20
9914		169
9915		203
9916		146
9917		244
9918		1015
9919		200
9920		410
9921		325
9922		319
9923		103
9924		36
9925		160
9926		873
9927		139
9928		2197
9929		173
9930		698
9931		197
9932		90
9933		138
9934		1555
9935		28
9936		232
9937		248
9938		606
9939		922
9940		248
9941		230
9942		253
9943		499
9944		56
9945		99
9946		776
9947		67
9948		499
9949		515
9950		393
9951		117
9952		319
9953		348
9954		313
9955		614
9956		1764
9957		39
9958		557
9959		420
9960		261
9961		545
9962		346
9963		107
9964		114
9965		350
9966		744
9967		272
9968		80
9969		125
9970		706
9971		614
9972		829
9973		138
9974		73
9975		2066
9976		104
9977		459
9978		1333
9979		127
9980		437
9981		180
9982		269
9983		175
9984		114
9985		114
9986		510
9987		115
9988		46
9989		692
9990		43
9991		1344
9992		792
9993		303
9994		167
9995		294
9996		377
9997		1561
9998		1768
9999		326
