bash-4.4$ python3 mass.py
x1_list:  [-1.    -0.999 -0.998 ...  0.998  0.999  1.   ]
x2_list:  [-0.5   -0.499 -0.498 ...  0.498  0.499  0.5  ]
u_list:  [-0.2  -0.16 -0.12 -0.08 -0.04  0.    0.04  0.08  0.12  0.16  0.2 ]
number of states:  452651
number of transitions:  4868981
end_state in visited:  True
graph generation time:  551.0089316368103
graph solving time:  2955.5855140686035
dijkstra path:  [(0.8, -0.1), (0.79, -0.116), (0.778, -0.136), (0.764, -0.156), (0.748, -0.176), (0.73, -0.196), (0.71, -0.216), (0.688, -0.236), (0.664, -0.256), (0.638, -0.276), (0.61, -0.288), (0.581, -0.296), (0.551, -0.296), (0.521, -0.296), (0.491, -0.296), (0.461, -0.296), (0.431, -0.288), (0.402, -0.276), (0.374, -0.268), (0.347, -0.256), (0.321, -0.248), (0.296, -0.236), (0.272, -0.22), (0.25, -0.208), (0.229, -0.196), (0.209, -0.18), (0.191, -0.168), (0.174, -0.156), (0.158, -0.148), (0.143, -0.136), (0.129, -0.128), (0.116, -0.116), (0.104, -0.108), (0.093, -0.1), (0.083, -0.092), (0.074, -0.084), (0.066, -0.076), (0.058, -0.068), (0.051, -0.06), (0.045, -0.056), (0.039, -0.052), (0.034, -0.048), (0.029, -0.044), (0.025, -0.04), (0.021, -0.036), (0.017, -0.032), (0.014, -0.028), (0.011, -0.024), (0.009, -0.02), (0.007, -0.016), (0.005, -0.012), (0.004, -0.008), (0.003, -0.008), (0.002, -0.008), (0.001, -0.008), (-0.0, -0.004), (0.0, 0.0)]
lqr solving time:  0.0064716339111328125
